
================================================================================
       Solver:ProxSAGA    Version: 0.1 (2023-05-02)  
================================================================================
Problem Summary: Excuted at 2023-05-04 13:13:11.309893
Dataset:.............................................a9a
Data Size:......................................n=32561, p=123
Loss Function:..................................Logistic
Regularizer:....................................Overlapping Group L1
Penalty Parameter:..............................lambda=0.0036
Number of groups:..............................14

Algorithm Parameters:
 Termination Conditions:
    accuracy: -1.0 | optim scaled: True | time limits:43200.0 | epoch limits:100
 Sampling Setups: batchsize: 256 | shuffle: True
 Proximal Stepsize update: const
 Compute Optimality measure: True
Inexact Proximal Solver:
 exact solve:False | ipg_strategy:diminishing | ipg_do_linesearch:True
 ipg_diminishing_c:1 | ipg_diminishing_delta:2
 ipg_linesearch_eta:0.0001 | ipg_linesearch_xi:0.8 | ipg_linesearch_beta:1.2
****************************************************************************************************
 Epoch.   Obj.    alphak      #z   #nz   |egradf| |   optim     #pz    #pnz |
     0 6.931e-01 4.000e-01    14     0  0.000e+00 | 1.488e-01     0     14  |
     1 5.803e-01 4.000e-01     6     8  1.033e-01 | 8.300e-02     4     10  |
     2 5.424e-01 4.000e-01     6     8  3.083e-02 | 3.682e-02     6      8  |
     3 5.304e-01 4.000e-01     8     6  1.777e-02 | 1.984e-02     8      6  |
     4 5.249e-01 4.000e-01     8     6  8.136e-03 | 1.438e-02     8      6  |
     5 5.213e-01 4.000e-01     8     6  4.012e-03 | 1.176e-02     8      6  |
     6 5.187e-01 4.000e-01     8     6  2.784e-03 | 1.077e-02     8      6  |
     7 5.166e-01 4.000e-01     9     5  1.536e-03 | 9.908e-03     9      5  |
     8 5.149e-01 4.000e-01     9     5  1.479e-03 | 9.609e-03     9      5  |
     9 5.134e-01 4.000e-01     9     5  8.994e-04 | 9.427e-03     9      5  |
    10 5.121e-01 4.000e-01     9     5  1.399e-03 | 5.208e-03     9      5  |
    11 5.110e-01 4.000e-01     9     5  1.195e-03 | 4.669e-03     9      5  |
    12 5.103e-01 4.000e-01    11     3  5.555e-04 | 3.616e-03    11      3  |
    13 5.098e-01 4.000e-01    11     3  1.339e-03 | 3.469e-03    11      3  |
    14 5.094e-01 4.000e-01    11     3  5.622e-04 | 2.777e-03    11      3  |
    15 5.091e-01 4.000e-01    11     3  6.913e-04 | 2.521e-03    11      3  |
    16 5.088e-01 4.000e-01    11     3  5.232e-04 | 2.259e-03    11      3  |
    17 5.086e-01 4.000e-01    11     3  4.529e-04 | 1.932e-03    12      2  |
    18 5.085e-01 4.000e-01    12     2  4.163e-04 | 1.433e-03    12      2  |
    19 5.085e-01 4.000e-01    12     2  3.919e-04 | 1.188e-03    12      2  |
    20 5.084e-01 4.000e-01    12     2  3.000e-04 | 1.049e-03    12      2  |
    21 5.084e-01 4.000e-01    12     2  3.150e-04 | 8.625e-04    12      2  |
    22 5.084e-01 4.000e-01    12     2  1.909e-04 | 7.139e-04    12      2  |
    23 5.083e-01 4.000e-01    12     2  2.121e-04 | 6.103e-04    12      2  |
    24 5.083e-01 4.000e-01    12     2  1.712e-04 | 5.448e-04    12      2  |
    25 5.083e-01 4.000e-01    12     2  1.848e-04 | 4.615e-04    12      2  |
    26 5.083e-01 4.000e-01    12     2  1.307e-04 | 3.842e-04    12      2  |
    27 5.083e-01 4.000e-01    12     2  1.079e-04 | 3.325e-04    12      2  |
    28 5.083e-01 4.000e-01    12     2  1.236e-04 | 3.051e-04    12      2  |
    29 5.083e-01 4.000e-01    12     2  8.507e-05 | 2.538e-04    12      2  |
    30 5.083e-01 4.000e-01    12     2  1.006e-04 | 2.286e-04    12      2  |
    31 5.083e-01 4.000e-01    12     2  8.291e-05 | 1.898e-04    12      2  |
    32 5.083e-01 4.000e-01    12     2  4.609e-05 | 1.596e-04    12      2  |
    33 5.083e-01 4.000e-01    12     2  3.202e-05 | 1.396e-04    12      2  |
    34 5.083e-01 4.000e-01    12     2  3.087e-05 | 1.216e-04    12      2  |
    35 5.083e-01 4.000e-01    12     2  2.861e-05 | 1.046e-04    12      2  |
    36 5.083e-01 4.000e-01    12     2  3.899e-05 | 9.533e-05    12      2  |
    37 5.083e-01 4.000e-01    12     2  2.752e-05 | 8.654e-05    12      2  |
    38 5.083e-01 4.000e-01    12     2  2.182e-05 | 7.364e-05    12      2  |
    39 5.083e-01 4.000e-01    12     2  1.445e-05 | 6.146e-05    12      2  |
    40 5.083e-01 4.000e-01    12     2  1.839e-05 | 5.651e-05    12      2  |
    41 5.083e-01 4.000e-01    12     2  9.804e-06 | 4.729e-05    12      2  |
    42 5.083e-01 4.000e-01    12     2  7.392e-06 | 4.149e-05    12      2  |
    43 5.083e-01 4.000e-01    12     2  1.077e-05 | 3.740e-05    12      2  |
    44 5.083e-01 4.000e-01    12     2  9.543e-06 | 3.308e-05    12      2  |
    45 5.083e-01 4.000e-01    12     2  8.361e-06 | 2.967e-05    12      2  |
    46 5.083e-01 4.000e-01    12     2  4.781e-06 | 2.576e-05    12      2  |
    47 5.083e-01 4.000e-01    12     2  4.793e-06 | 2.266e-05    12      2  |
    48 5.083e-01 4.000e-01    12     2  3.301e-06 | 1.995e-05    12      2  |
    49 5.083e-01 4.000e-01    12     2  5.227e-06 | 1.886e-05    12      2  |
 Epoch.   Obj.    alphak      #z   #nz   |egradf| |   optim     #pz    #pnz |
    50 5.083e-01 4.000e-01    12     2  5.313e-06 | 1.628e-05    12      2  |
    51 5.083e-01 4.000e-01    12     2  4.219e-06 | 1.474e-05    12      2  |
    52 5.083e-01 4.000e-01    12     2  2.467e-06 | 1.276e-05    12      2  |
    53 5.083e-01 4.000e-01    12     2  3.101e-06 | 1.156e-05    12      2  |
    54 5.083e-01 4.000e-01    12     2  3.111e-06 | 1.039e-05    12      2  |
    55 5.083e-01 4.000e-01    12     2  1.743e-06 | 8.900e-06    12      2  |
    56 5.083e-01 4.000e-01    12     2  1.637e-06 | 7.999e-06    12      2  |
    57 5.083e-01 4.000e-01    12     2  1.145e-06 | 7.071e-06    12      2  |
    58 5.083e-01 4.000e-01    12     2  1.120e-06 | 6.408e-06    12      2  |
    59 5.083e-01 4.000e-01    12     2  9.912e-07 | 5.649e-06    12      2  |
    60 5.083e-01 4.000e-01    12     2  6.394e-07 | 5.036e-06    12      2  |
    61 5.083e-01 4.000e-01    12     2  1.104e-06 | 4.583e-06    12      2  |
    62 5.083e-01 4.000e-01    12     2  6.905e-07 | 4.101e-06    12      2  |
    63 5.083e-01 4.000e-01    12     2  3.209e-07 | 3.608e-06    12      2  |
    64 5.083e-01 4.000e-01    12     2  3.880e-07 | 3.241e-06    12      2  |
    65 5.083e-01 4.000e-01    12     2  6.273e-07 | 2.944e-06    12      2  |
    66 5.083e-01 4.000e-01    12     2  4.036e-07 | 2.629e-06    12      2  |
    67 5.083e-01 4.000e-01    12     2  3.356e-07 | 2.331e-06    12      2  |
    68 5.083e-01 4.000e-01    12     2  3.202e-07 | 2.090e-06    12      2  |
    69 5.083e-01 4.000e-01    12     2  3.185e-07 | 1.903e-06    12      2  |
    70 5.083e-01 4.000e-01    12     2  2.916e-07 | 1.702e-06    12      2  |
    71 5.083e-01 4.000e-01    12     2  1.644e-07 | 1.495e-06    12      2  |
    72 5.083e-01 4.000e-01    12     2  1.883e-07 | 1.345e-06    12      2  |
    73 5.083e-01 4.000e-01    12     2  3.049e-07 | 1.238e-06    12      2  |
    74 5.083e-01 4.000e-01    12     2  1.863e-07 | 1.119e-06    12      2  |
    75 5.083e-01 4.000e-01    12     2  1.961e-07 | 9.990e-07    12      2  |
    76 5.083e-01 4.000e-01    12     2  1.464e-07 | 8.959e-07    12      2  |
    77 5.083e-01 4.000e-01    12     2  1.990e-07 | 8.193e-07    12      2  |
    78 5.083e-01 4.000e-01    12     2  7.168e-08 | 6.977e-07    12      2  |
    79 5.083e-01 4.000e-01    12     2  6.536e-08 | 6.335e-07    12      2  |
    80 5.083e-01 4.000e-01    12     2  7.831e-08 | 5.722e-07    12      2  |
    81 5.083e-01 4.000e-01    12     2  6.636e-08 | 5.141e-07    12      2  |
    82 5.083e-01 4.000e-01    12     2  1.047e-07 | 4.666e-07    12      2  |
    83 5.083e-01 4.000e-01    12     2  5.150e-08 | 4.121e-07    12      2  |
    84 5.083e-01 4.000e-01    12     2  5.489e-08 | 3.652e-07    12      2  |
    85 5.083e-01 4.000e-01    12     2  5.348e-08 | 3.321e-07    12      2  |
    86 5.083e-01 4.000e-01    12     2  3.039e-08 | 2.959e-07    12      2  |
    87 5.083e-01 4.000e-01    12     2  2.938e-08 | 2.581e-07    12      2  |
    88 5.083e-01 4.000e-01    12     2  2.803e-08 | 2.317e-07    12      2  |
    89 5.083e-01 4.000e-01    12     2  2.675e-08 | 2.197e-07    12      2  |
    90 5.083e-01 4.000e-01    12     2  1.817e-08 | 1.950e-07    12      2  |
    91 5.083e-01 4.000e-01    12     2  2.067e-08 | 1.759e-07    12      2  |
    92 5.083e-01 4.000e-01    12     2  1.848e-08 | 1.504e-07    12      2  |
    93 5.083e-01 4.000e-01    12     2  1.337e-08 | 1.434e-07    12      2  |
    94 5.083e-01 4.000e-01    12     2  2.672e-08 | 1.296e-07    12      2  |
    95 5.083e-01 4.000e-01    12     2  1.647e-08 | 1.088e-07    12      2  |
    96 5.083e-01 4.000e-01    12     2  1.153e-08 | 9.772e-08    12      2  |
    97 5.083e-01 4.000e-01    12     2  9.840e-09 | 8.773e-08    12      2  |
    98 5.083e-01 4.000e-01    12     2  1.753e-08 | 9.055e-08    12      2  |
    99 5.083e-01 4.000e-01    12     2  1.200e-08 | 7.905e-08    12      2  |
   100 5.083e-01 4.000e-01    12     2  1.558e-08 | 7.182e-08    12      2  |

==============================
Exit: Iteration limit reached

Final Results
==============================
Epochs:100
# Data pass:101
CPU seconds:13.5686
# zero groups(best):12
# zero groups(end):12
Obj. F(best):5.082887e-01
Obj. F(end):5.082887e-01
Optim.(end):7.182351e-08
