
================================================================================
       Solver:Pstorm    Version: 0.1 (2023-05-02)  
================================================================================
Problem Summary: Excuted at 2023-05-04 13:59:42.765376
Dataset:.............................................a9a
Data Size:......................................n=32561, p=123
Loss Function:..................................Logistic
Regularizer:................................................Group L1
Penalty Parameter:..............................lambda=0.0057
Number of groups:..............................61

Algorithm Parameters:
 Termination Conditions:
    accuracy: -1.0 | optim scaled: True | time limits:43200.0 | epoch limits:100
 Sampling Setups: batchsize: 256 | shuffle: True
 Proximal Stepsize update: diminishing
 Compute Optimality measure: True
****************************************************************************************************
 Epoch.   Obj.    alphak     betak      #z   #nz   |egradf| |   optim     #pz    #pnz |
     0 6.931e-01 5.000e-01 1.000e+00    61     0  1.109e+18 | 1.485e-01    37     24  |
     1 5.647e-01 1.559e-01 3.893e-02    41    20  2.605e-03 | 2.774e-02    41     20  |
     2 5.545e-01 1.244e-01 2.445e-02    44    17  1.648e-03 | 2.102e-02    44     17  |
     3 5.490e-01 1.088e-01 1.860e-02    45    16  2.099e-03 | 1.798e-02    45     16  |
     4 5.451e-01 9.896e-02 1.532e-02    45    16  1.234e-03 | 1.604e-02    45     16  |
     5 5.422e-01 9.191e-02 1.317e-02    46    15  1.578e-03 | 1.454e-02    46     15  |
     6 5.400e-01 8.652e-02 1.165e-02    46    15  1.268e-03 | 1.344e-02    46     15  |
     7 5.382e-01 8.221e-02 1.050e-02    46    15  7.511e-04 | 1.257e-02    46     15  |
     8 5.367e-01 7.864e-02 9.593e-03    46    15  4.969e-04 | 1.185e-02    46     15  |
     9 5.354e-01 7.563e-02 8.860e-03    46    15  5.019e-04 | 1.125e-02    46     15  |
    10 5.342e-01 7.302e-02 8.252e-03    46    15  4.689e-04 | 1.073e-02    46     15  |
    11 5.332e-01 7.075e-02 7.738e-03    46    15  4.800e-04 | 1.031e-02    46     15  |
    12 5.323e-01 6.873e-02 7.297e-03    46    15  5.446e-04 | 9.939e-03    46     15  |
    13 5.315e-01 6.693e-02 6.913e-03    46    15  4.710e-04 | 9.615e-03    46     15  |
    14 5.307e-01 6.530e-02 6.576e-03    46    15  2.622e-04 | 9.334e-03    46     15  |
    15 5.300e-01 6.381e-02 6.278e-03    47    14  2.150e-04 | 8.627e-03    47     14  |
    16 5.295e-01 6.246e-02 6.010e-03    47    14  4.878e-04 | 8.392e-03    47     14  |
    17 5.289e-01 6.121e-02 5.770e-03    47    14  2.922e-04 | 8.171e-03    47     14  |
    18 5.284e-01 6.006e-02 5.552e-03    47    14  2.593e-04 | 7.988e-03    47     14  |
    19 5.279e-01 5.899e-02 5.353e-03    47    14  2.577e-04 | 7.825e-03    47     14  |
    20 5.275e-01 5.799e-02 5.171e-03    47    14  3.238e-04 | 7.671e-03    47     14  |
    21 5.271e-01 5.706e-02 5.004e-03    47    14  2.932e-04 | 7.535e-03    47     14  |
    22 5.267e-01 5.618e-02 4.850e-03    47    14  2.436e-04 | 7.412e-03    47     14  |
    23 5.263e-01 5.535e-02 4.707e-03    47    14  1.927e-04 | 7.301e-03    47     14  |
    24 5.259e-01 5.458e-02 4.574e-03    47    14  2.196e-04 | 7.195e-03    47     14  |
    25 5.255e-01 5.384e-02 4.450e-03    47    14  3.032e-04 | 7.093e-03    47     14  |
    26 5.252e-01 5.314e-02 4.334e-03    47    14  2.238e-04 | 7.003e-03    47     14  |
    27 5.249e-01 5.248e-02 4.225e-03    47    14  2.255e-04 | 6.912e-03    47     14  |
    28 5.246e-01 5.184e-02 4.123e-03    48    13  2.137e-04 | 6.641e-03    48     13  |
    29 5.243e-01 5.124e-02 4.026e-03    49    12  1.946e-04 | 6.422e-03    49     12  |
    30 5.240e-01 5.067e-02 3.936e-03    50    11  3.072e-04 | 6.189e-03    50     11  |
    31 5.238e-01 5.012e-02 3.850e-03    50    11  1.732e-04 | 6.100e-03    50     11  |
    32 5.236e-01 4.959e-02 3.768e-03    50    11  1.997e-04 | 6.014e-03    50     11  |
    33 5.233e-01 4.908e-02 3.691e-03    50    11  1.876e-04 | 5.935e-03    50     11  |
    34 5.231e-01 4.860e-02 3.618e-03    50    11  1.924e-04 | 5.859e-03    50     11  |
    35 5.229e-01 4.813e-02 3.548e-03    51    10  1.587e-04 | 5.330e-03    51     10  |
    36 5.227e-01 4.768e-02 3.481e-03    51    10  2.825e-04 | 5.215e-03    51     10  |
    37 5.226e-01 4.725e-02 3.418e-03    51    10  1.641e-04 | 5.131e-03    51     10  |
    38 5.224e-01 4.683e-02 3.357e-03    51    10  2.352e-04 | 5.053e-03    51     10  |
    39 5.223e-01 4.643e-02 3.299e-03    52     9  2.815e-04 | 4.750e-03    52      9  |
    40 5.221e-01 4.604e-02 3.243e-03    52     9  2.863e-04 | 4.670e-03    52      9  |
    41 5.220e-01 4.566e-02 3.190e-03    52     9  2.134e-04 | 4.597e-03    52      9  |
    42 5.219e-01 4.530e-02 3.138e-03    52     9  1.573e-04 | 4.527e-03    52      9  |
    43 5.218e-01 4.494e-02 3.089e-03    52     9  1.743e-04 | 4.461e-03    52      9  |
    44 5.217e-01 4.460e-02 3.042e-03    52     9  1.647e-04 | 4.400e-03    52      9  |
    45 5.216e-01 4.427e-02 2.996e-03    52     9  1.865e-04 | 4.341e-03    52      9  |
    46 5.215e-01 4.394e-02 2.952e-03    52     9  1.537e-04 | 4.286e-03    52      9  |
    47 5.214e-01 4.363e-02 2.910e-03    52     9  1.702e-04 | 4.233e-03    52      9  |
    48 5.213e-01 4.333e-02 2.869e-03    52     9  2.765e-04 | 4.182e-03    52      9  |
    49 5.212e-01 4.303e-02 2.829e-03    52     9  1.868e-04 | 4.133e-03    52      9  |
 Epoch.   Obj.    alphak     betak      #z   #nz   |egradf| |   optim     #pz    #pnz |
    50 5.211e-01 4.274e-02 2.791e-03    52     9  1.965e-04 | 4.086e-03    52      9  |
    51 5.210e-01 4.246e-02 2.754e-03    52     9  2.261e-04 | 4.041e-03    52      9  |
    52 5.209e-01 4.219e-02 2.719e-03    52     9  2.017e-04 | 3.996e-03    52      9  |
    53 5.208e-01 4.192e-02 2.684e-03    52     9  1.516e-04 | 3.954e-03    52      9  |
    54 5.207e-01 4.166e-02 2.650e-03    52     9  1.809e-04 | 3.912e-03    52      9  |
    55 5.206e-01 4.140e-02 2.618e-03    52     9  1.585e-04 | 3.872e-03    52      9  |
    56 5.206e-01 4.116e-02 2.586e-03    52     9  1.563e-04 | 3.833e-03    52      9  |
    57 5.205e-01 4.091e-02 2.556e-03    52     9  1.453e-04 | 3.795e-03    52      9  |
    58 5.204e-01 4.068e-02 2.526e-03    52     9  1.357e-04 | 3.758e-03    52      9  |
    59 5.203e-01 4.045e-02 2.497e-03    52     9  1.527e-04 | 3.723e-03    52      9  |
    60 5.203e-01 4.022e-02 2.469e-03    52     9  9.821e-05 | 3.687e-03    52      9  |
    61 5.202e-01 4.000e-02 2.442e-03    52     9  1.344e-04 | 3.654e-03    52      9  |
    62 5.201e-01 3.978e-02 2.415e-03    52     9  1.152e-04 | 3.621e-03    52      9  |
    63 5.201e-01 3.957e-02 2.390e-03    52     9  2.222e-04 | 3.589e-03    52      9  |
    64 5.200e-01 3.937e-02 2.364e-03    52     9  1.523e-04 | 3.558e-03    52      9  |
    65 5.199e-01 3.916e-02 2.340e-03    52     9  1.181e-04 | 3.527e-03    52      9  |
    66 5.199e-01 3.896e-02 2.316e-03    52     9  1.442e-04 | 3.498e-03    52      9  |
    67 5.198e-01 3.877e-02 2.293e-03    52     9  2.569e-04 | 3.469e-03    52      9  |
    68 5.198e-01 3.858e-02 2.270e-03    53     8  1.563e-04 | 3.171e-03    53      8  |
    69 5.197e-01 3.839e-02 2.248e-03    53     8  1.617e-04 | 3.135e-03    53      8  |
    70 5.197e-01 3.821e-02 2.226e-03    53     8  1.481e-04 | 3.104e-03    53      8  |
    71 5.196e-01 3.803e-02 2.205e-03    53     8  1.372e-04 | 3.073e-03    53      8  |
    72 5.196e-01 3.785e-02 2.185e-03    53     8  1.193e-04 | 3.047e-03    53      8  |
    73 5.195e-01 3.768e-02 2.164e-03    53     8  1.701e-04 | 3.021e-03    53      8  |
    74 5.195e-01 3.751e-02 2.145e-03    53     8  1.765e-04 | 2.996e-03    53      8  |
    75 5.194e-01 3.734e-02 2.126e-03    53     8  1.343e-04 | 2.972e-03    53      8  |
    76 5.194e-01 3.718e-02 2.107e-03    53     8  1.111e-04 | 2.949e-03    53      8  |
    77 5.194e-01 3.701e-02 2.088e-03    53     8  1.393e-04 | 2.927e-03    53      8  |
    78 5.193e-01 3.686e-02 2.070e-03    53     8  1.860e-04 | 2.907e-03    53      8  |
    79 5.193e-01 3.670e-02 2.053e-03    53     8  1.386e-04 | 2.887e-03    53      8  |
    80 5.192e-01 3.655e-02 2.035e-03    53     8  1.046e-04 | 2.867e-03    53      8  |
    81 5.192e-01 3.639e-02 2.018e-03    53     8  1.041e-04 | 2.848e-03    53      8  |
    82 5.192e-01 3.625e-02 2.002e-03    53     8  1.204e-04 | 2.830e-03    53      8  |
    83 5.191e-01 3.610e-02 1.986e-03    53     8  9.859e-05 | 2.812e-03    53      8  |
    84 5.191e-01 3.596e-02 1.970e-03    53     8  1.213e-04 | 2.794e-03    53      8  |
    85 5.191e-01 3.581e-02 1.954e-03    53     8  1.215e-04 | 2.776e-03    53      8  |
    86 5.190e-01 3.568e-02 1.939e-03    53     8  1.754e-04 | 2.759e-03    53      8  |
    87 5.190e-01 3.554e-02 1.924e-03    53     8  1.422e-04 | 2.743e-03    53      8  |
    88 5.190e-01 3.540e-02 1.909e-03    53     8  1.497e-04 | 2.727e-03    53      8  |
    89 5.189e-01 3.527e-02 1.895e-03    53     8  1.495e-04 | 2.711e-03    53      8  |
    90 5.189e-01 3.514e-02 1.881e-03    53     8  1.405e-04 | 2.696e-03    53      8  |
    91 5.189e-01 3.501e-02 1.867e-03    53     8  1.642e-04 | 2.680e-03    53      8  |
    92 5.188e-01 3.488e-02 1.853e-03    53     8  1.254e-04 | 2.666e-03    53      8  |
    93 5.188e-01 3.476e-02 1.840e-03    53     8  1.222e-04 | 2.651e-03    53      8  |
    94 5.188e-01 3.463e-02 1.826e-03    53     8  1.034e-04 | 2.636e-03    53      8  |
    95 5.187e-01 3.451e-02 1.814e-03    53     8  1.227e-04 | 2.621e-03    53      8  |
    96 5.187e-01 3.439e-02 1.801e-03    53     8  1.200e-04 | 2.607e-03    53      8  |
    97 5.187e-01 3.427e-02 1.788e-03    53     8  1.932e-04 | 2.594e-03    53      8  |
    98 5.186e-01 3.416e-02 1.776e-03    53     8  1.541e-04 | 2.580e-03    53      8  |
    99 5.186e-01 3.404e-02 1.764e-03    53     8  9.207e-05 | 2.567e-03    53      8  |
   100 5.186e-01 3.393e-02 1.752e-03    53     8  1.019e-04 | 2.554e-03    53      8  |

==============================
Exit: Iteration limit reached

Final Results
==============================
Epochs:100
# Data pass:100
CPU seconds:6.1382
# zero groups(best):53
# zero groups(end):53
Obj. F(best):5.185875e-01
Obj. F(end):5.185875e-01
Optim.(end):2.554281e-03
