
================================================================================
       Solver:ProxSAGA    Version: 0.1 (2023-05-02)  
================================================================================
Problem Summary: Excuted at 2023-05-04 13:12:17.708462
Dataset:.............................................a9a
Data Size:......................................n=32561, p=123
Loss Function:..................................Logistic
Regularizer:................................................Group L1
Penalty Parameter:..............................lambda=0.0057
Number of groups:..............................61

Algorithm Parameters:
 Termination Conditions:
    accuracy: -1.0 | optim scaled: True | time limits:43200.0 | epoch limits:100
 Sampling Setups: batchsize: 256 | shuffle: True
 Proximal Stepsize update: const
 Compute Optimality measure: True
****************************************************************************************************
 Epoch.   Obj.    alphak      #z   #nz   |egradf| |   optim     #pz    #pnz |
     0 6.931e-01 4.000e-01    61     0  0.000e+00 | 1.485e-01    37     24  |
     1 5.840e-01 4.000e-01    44    17  1.031e-01 | 7.563e-02    38     23  |
     2 5.467e-01 4.000e-01    46    15  2.980e-02 | 2.941e-02    46     15  |
     3 5.356e-01 4.000e-01    46    15  1.668e-02 | 1.622e-02    46     15  |
     4 5.300e-01 4.000e-01    47    14  6.685e-03 | 1.015e-02    47     14  |
     5 5.265e-01 4.000e-01    48    13  4.135e-03 | 8.036e-03    48     13  |
     6 5.241e-01 4.000e-01    50    11  2.248e-03 | 6.580e-03    50     11  |
     7 5.225e-01 4.000e-01    52     9  2.457e-03 | 5.132e-03    52      9  |
     8 5.214e-01 4.000e-01    52     9  1.817e-03 | 4.454e-03    52      9  |
     9 5.206e-01 4.000e-01    52     9  1.044e-03 | 3.951e-03    52      9  |
    10 5.199e-01 4.000e-01    52     9  1.145e-03 | 3.580e-03    52      9  |
    11 5.194e-01 4.000e-01    53     8  5.881e-04 | 3.021e-03    53      8  |
    12 5.190e-01 4.000e-01    53     8  7.158e-04 | 2.789e-03    53      8  |
    13 5.186e-01 4.000e-01    53     8  4.386e-04 | 2.601e-03    53      8  |
    14 5.183e-01 4.000e-01    53     8  4.449e-04 | 2.447e-03    53      8  |
    15 5.180e-01 4.000e-01    53     8  3.373e-04 | 2.315e-03    53      8  |
    16 5.177e-01 4.000e-01    53     8  3.977e-04 | 2.198e-03    53      8  |
    17 5.175e-01 4.000e-01    53     8  6.062e-04 | 2.093e-03    53      8  |
    18 5.173e-01 4.000e-01    53     8  2.100e-04 | 1.997e-03    53      8  |
    19 5.171e-01 4.000e-01    53     8  2.446e-04 | 1.910e-03    53      8  |
    20 5.169e-01 4.000e-01    53     8  1.572e-04 | 1.829e-03    53      8  |
    21 5.168e-01 4.000e-01    53     8  1.999e-04 | 1.753e-03    53      8  |
    22 5.166e-01 4.000e-01    53     8  2.099e-04 | 1.682e-03    53      8  |
    23 5.165e-01 4.000e-01    53     8  4.268e-04 | 1.616e-03    53      8  |
    24 5.164e-01 4.000e-01    53     8  1.292e-04 | 1.553e-03    53      8  |
    25 5.162e-01 4.000e-01    53     8  2.305e-04 | 1.493e-03    53      8  |
    26 5.161e-01 4.000e-01    53     8  1.318e-04 | 1.437e-03    53      8  |
    27 5.160e-01 4.000e-01    53     8  2.328e-04 | 1.383e-03    53      8  |
    28 5.159e-01 4.000e-01    53     8  1.360e-04 | 1.332e-03    53      8  |
    29 5.158e-01 4.000e-01    53     8  1.107e-04 | 1.283e-03    53      8  |
    30 5.158e-01 4.000e-01    54     7  1.481e-04 | 1.199e-03    54      7  |
    31 5.157e-01 4.000e-01    55     6  1.813e-04 | 9.912e-04    55      6  |
    32 5.157e-01 4.000e-01    55     6  1.587e-04 | 9.084e-04    55      6  |
    33 5.156e-01 4.000e-01    55     6  1.966e-04 | 8.445e-04    55      6  |
    34 5.156e-01 4.000e-01    55     6  1.641e-04 | 7.921e-04    55      6  |
    35 5.156e-01 4.000e-01    55     6  1.185e-04 | 7.475e-04    55      6  |
    36 5.155e-01 4.000e-01    55     6  1.934e-04 | 7.086e-04    55      6  |
    37 5.155e-01 4.000e-01    55     6  1.355e-04 | 6.739e-04    55      6  |
    38 5.155e-01 4.000e-01    55     6  1.212e-04 | 6.422e-04    55      6  |
    39 5.155e-01 4.000e-01    55     6  1.052e-04 | 6.131e-04    55      6  |
    40 5.154e-01 4.000e-01    55     6  8.035e-05 | 5.859e-04    55      6  |
    41 5.154e-01 4.000e-01    55     6  6.969e-05 | 5.604e-04    55      6  |
    42 5.154e-01 4.000e-01    55     6  8.326e-05 | 5.364e-04    55      6  |
    43 5.154e-01 4.000e-01    55     6  5.541e-05 | 5.136e-04    55      6  |
    44 5.154e-01 4.000e-01    55     6  5.402e-05 | 4.919e-04    55      6  |
    45 5.154e-01 4.000e-01    55     6  5.904e-05 | 4.712e-04    55      6  |
    46 5.154e-01 4.000e-01    55     6  7.684e-05 | 4.515e-04    55      6  |
    47 5.154e-01 4.000e-01    55     6  8.604e-05 | 4.327e-04    55      6  |
    48 5.153e-01 4.000e-01    55     6  6.268e-05 | 4.147e-04    55      6  |
    49 5.153e-01 4.000e-01    56     5  5.600e-05 | 3.292e-04    56      5  |
 Epoch.   Obj.    alphak      #z   #nz   |egradf| |   optim     #pz    #pnz |
    50 5.153e-01 4.000e-01    56     5  4.530e-05 | 3.128e-04    56      5  |
    51 5.153e-01 4.000e-01    56     5  3.693e-05 | 2.983e-04    56      5  |
    52 5.153e-01 4.000e-01    56     5  3.452e-05 | 2.851e-04    56      5  |
    53 5.153e-01 4.000e-01    56     5  2.336e-05 | 2.729e-04    56      5  |
    54 5.153e-01 4.000e-01    56     5  4.730e-05 | 2.616e-04    56      5  |
    55 5.153e-01 4.000e-01    56     5  3.124e-05 | 2.509e-04    56      5  |
    56 5.153e-01 4.000e-01    56     5  2.545e-05 | 2.409e-04    56      5  |
    57 5.153e-01 4.000e-01    56     5  2.962e-05 | 2.315e-04    56      5  |
    58 5.153e-01 4.000e-01    56     5  2.513e-05 | 2.225e-04    56      5  |
    59 5.153e-01 4.000e-01    56     5  2.185e-05 | 2.139e-04    56      5  |
    60 5.153e-01 4.000e-01    56     5  3.026e-05 | 2.058e-04    56      5  |
    61 5.153e-01 4.000e-01    56     5  2.981e-05 | 1.981e-04    56      5  |
    62 5.153e-01 4.000e-01    56     5  1.904e-05 | 1.906e-04    56      5  |
    63 5.153e-01 4.000e-01    56     5  4.115e-05 | 1.836e-04    56      5  |
    64 5.153e-01 4.000e-01    56     5  2.112e-05 | 1.768e-04    56      5  |
    65 5.153e-01 4.000e-01    56     5  1.944e-05 | 1.703e-04    56      5  |
    66 5.153e-01 4.000e-01    56     5  1.708e-05 | 1.641e-04    56      5  |
    67 5.153e-01 4.000e-01    56     5  2.083e-05 | 1.582e-04    56      5  |
    68 5.153e-01 4.000e-01    56     5  1.445e-05 | 1.525e-04    56      5  |
    69 5.153e-01 4.000e-01    56     5  3.172e-05 | 1.471e-04    56      5  |
    70 5.153e-01 4.000e-01    56     5  1.545e-05 | 1.418e-04    56      5  |
    71 5.153e-01 4.000e-01    56     5  2.887e-05 | 1.368e-04    56      5  |
    72 5.153e-01 4.000e-01    56     5  1.314e-05 | 1.320e-04    56      5  |
    73 5.153e-01 4.000e-01    56     5  1.280e-05 | 1.273e-04    56      5  |
    74 5.153e-01 4.000e-01    56     5  1.532e-05 | 1.229e-04    56      5  |
    75 5.153e-01 4.000e-01    56     5  2.191e-05 | 1.186e-04    56      5  |
    76 5.153e-01 4.000e-01    56     5  9.819e-06 | 1.145e-04    56      5  |
    77 5.153e-01 4.000e-01    56     5  1.298e-05 | 1.106e-04    56      5  |
    78 5.153e-01 4.000e-01    56     5  9.356e-06 | 1.068e-04    56      5  |
    79 5.153e-01 4.000e-01    56     5  1.304e-05 | 1.031e-04    56      5  |
    80 5.153e-01 4.000e-01    56     5  1.468e-05 | 9.960e-05    56      5  |
    81 5.153e-01 4.000e-01    56     5  1.269e-05 | 9.621e-05    56      5  |
    82 5.153e-01 4.000e-01    56     5  2.030e-05 | 9.296e-05    56      5  |
    83 5.153e-01 4.000e-01    56     5  1.065e-05 | 8.982e-05    56      5  |
    84 5.153e-01 4.000e-01    56     5  1.615e-05 | 8.680e-05    56      5  |
    85 5.153e-01 4.000e-01    56     5  1.213e-05 | 8.389e-05    56      5  |
    86 5.153e-01 4.000e-01    56     5  1.039e-05 | 8.108e-05    56      5  |
    87 5.153e-01 4.000e-01    56     5  8.981e-06 | 7.838e-05    56      5  |
    88 5.153e-01 4.000e-01    56     5  8.416e-06 | 7.578e-05    56      5  |
    89 5.153e-01 4.000e-01    56     5  7.626e-06 | 7.326e-05    56      5  |
    90 5.153e-01 4.000e-01    56     5  6.675e-06 | 7.084e-05    56      5  |
    91 5.153e-01 4.000e-01    56     5  8.231e-06 | 6.851e-05    56      5  |
    92 5.153e-01 4.000e-01    56     5  1.311e-05 | 6.625e-05    56      5  |
    93 5.153e-01 4.000e-01    56     5  6.629e-06 | 6.408e-05    56      5  |
    94 5.153e-01 4.000e-01    56     5  1.046e-05 | 6.198e-05    56      5  |
    95 5.153e-01 4.000e-01    56     5  5.609e-06 | 5.995e-05    56      5  |
    96 5.153e-01 4.000e-01    56     5  7.736e-06 | 5.800e-05    56      5  |
    97 5.153e-01 4.000e-01    56     5  6.787e-06 | 5.611e-05    56      5  |
    98 5.153e-01 4.000e-01    56     5  4.494e-06 | 5.429e-05    56      5  |
    99 5.153e-01 4.000e-01    56     5  6.780e-06 | 5.253e-05    56      5  |
   100 5.153e-01 4.000e-01    56     5  7.767e-06 | 5.083e-05    56      5  |

==============================
Exit: Iteration limit reached

Final Results
==============================
Epochs:100
# Data pass:101
CPU seconds:8.4767
# zero groups(best):56
# zero groups(end):56
Obj. F(best):5.152743e-01
Obj. F(end):5.152743e-01
Optim.(end):5.082875e-05
