
================================================================================
       Solver:ProxSVRG    Version: 0.1 (2023-05-02)  
================================================================================
Problem Summary: Excuted at 2023-05-04 14:21:44.972992
Dataset:.............................................a9a
Data Size:......................................n=32561, p=123
Loss Function:..................................Logistic
Regularizer:................................................Group L1
Penalty Parameter:..............................lambda=0.0057
Number of groups:..............................61

Algorithm Parameters:
 Termination Conditions:
    accuracy: -1.0 | optim scaled: True | time limits:43200.0 | epoch limits:100
 Sampling Setups: batchsize: 256 | shuffle: True
 Proximal Stepsize update: const
 Compute Optimality measure: True
****************************************************************************************************
 Epoch.   Obj.    alphak      #z   #nz   |egradf| |   optim     #pz    #pnz |
     0 6.931e-01 4.000e-01    61     0  1.109e+18 | 1.485e-01    37     24  |
     1 5.524e-01 4.000e-01    44    17  1.058e-02 | 1.973e-02    45     16  |
     2 5.392e-01 4.000e-01    46    15  1.421e-03 | 1.303e-02    46     15  |
     3 5.326e-01 4.000e-01    46    15  1.151e-03 | 1.005e-02    46     15  |
     4 5.285e-01 4.000e-01    47    14  8.301e-04 | 8.000e-03    47     14  |
     5 5.256e-01 4.000e-01    47    14  4.279e-04 | 7.093e-03    47     14  |
     6 5.234e-01 4.000e-01    50    11  2.877e-04 | 5.957e-03    50     11  |
     7 5.220e-01 4.000e-01    52     9  2.785e-04 | 4.580e-03    52      9  |
     8 5.210e-01 4.000e-01    52     9  2.954e-04 | 4.072e-03    52      9  |
     9 5.203e-01 4.000e-01    52     9  2.657e-04 | 3.690e-03    52      9  |
    10 5.197e-01 4.000e-01    53     8  1.395e-04 | 3.097e-03    53      8  |
    11 5.192e-01 4.000e-01    53     8  9.391e-05 | 2.848e-03    53      8  |
    12 5.188e-01 4.000e-01    53     8  1.009e-04 | 2.661e-03    53      8  |
    13 5.185e-01 4.000e-01    53     8  8.817e-05 | 2.505e-03    53      8  |
    14 5.182e-01 4.000e-01    53     8  1.334e-04 | 2.370e-03    53      8  |
    15 5.179e-01 4.000e-01    53     8  1.039e-04 | 2.251e-03    53      8  |
    16 5.177e-01 4.000e-01    53     8  1.023e-04 | 2.143e-03    53      8  |
    17 5.174e-01 4.000e-01    53     8  8.692e-05 | 2.045e-03    53      8  |
    18 5.172e-01 4.000e-01    53     8  1.078e-04 | 1.955e-03    53      8  |
    19 5.170e-01 4.000e-01    53     8  4.361e-05 | 1.872e-03    53      8  |
    20 5.169e-01 4.000e-01    53     8  1.086e-04 | 1.794e-03    53      8  |
    21 5.167e-01 4.000e-01    53     8  3.053e-05 | 1.721e-03    53      8  |
    22 5.166e-01 4.000e-01    53     8  4.497e-05 | 1.652e-03    53      8  |
    23 5.164e-01 4.000e-01    53     8  4.054e-05 | 1.587e-03    53      8  |
    24 5.163e-01 4.000e-01    53     8  4.810e-05 | 1.525e-03    53      8  |
    25 5.162e-01 4.000e-01    53     8  4.739e-05 | 1.467e-03    53      8  |
    26 5.161e-01 4.000e-01    53     8  3.679e-05 | 1.412e-03    53      8  |
    27 5.160e-01 4.000e-01    53     8  3.892e-05 | 1.359e-03    53      8  |
    28 5.159e-01 4.000e-01    53     8  4.889e-05 | 1.308e-03    53      8  |
    29 5.158e-01 4.000e-01    54     7  4.354e-05 | 1.225e-03    54      7  |
    30 5.157e-01 4.000e-01    54     7  2.719e-05 | 1.178e-03    54      7  |
    31 5.157e-01 4.000e-01    55     6  3.419e-05 | 9.456e-04    55      6  |
    32 5.156e-01 4.000e-01    55     6  3.448e-05 | 8.699e-04    55      6  |
    33 5.156e-01 4.000e-01    55     6  7.663e-05 | 8.109e-04    55      6  |
    34 5.156e-01 4.000e-01    55     6  3.847e-05 | 7.625e-04    55      6  |
    35 5.155e-01 4.000e-01    55     6  2.833e-05 | 7.213e-04    55      6  |
    36 5.155e-01 4.000e-01    55     6  1.789e-05 | 6.851e-04    55      6  |
    37 5.155e-01 4.000e-01    55     6  1.744e-05 | 6.525e-04    55      6  |
    38 5.155e-01 4.000e-01    55     6  4.366e-05 | 6.225e-04    55      6  |
    39 5.155e-01 4.000e-01    55     6  1.630e-05 | 5.947e-04    55      6  |
    40 5.154e-01 4.000e-01    55     6  3.273e-05 | 5.686e-04    55      6  |
    41 5.154e-01 4.000e-01    55     6  3.067e-05 | 5.439e-04    55      6  |
    42 5.154e-01 4.000e-01    55     6  1.520e-05 | 5.205e-04    55      6  |
    43 5.154e-01 4.000e-01    55     6  1.623e-05 | 4.983e-04    55      6  |
    44 5.154e-01 4.000e-01    55     6  1.497e-05 | 4.771e-04    55      6  |
    45 5.154e-01 4.000e-01    55     6  1.366e-05 | 4.568e-04    55      6  |
    46 5.154e-01 4.000e-01    55     6  2.868e-05 | 4.375e-04    55      6  |
    47 5.154e-01 4.000e-01    55     6  9.228e-06 | 4.191e-04    55      6  |
    48 5.153e-01 4.000e-01    55     6  1.193e-05 | 4.014e-04    55      6  |
    49 5.153e-01 4.000e-01    56     5  9.285e-06 | 3.153e-04    56      5  |
 Epoch.   Obj.    alphak      #z   #nz   |egradf| |   optim     #pz    #pnz |
    50 5.153e-01 4.000e-01    56     5  1.371e-05 | 3.003e-04    56      5  |
    51 5.153e-01 4.000e-01    56     5  8.789e-06 | 2.867e-04    56      5  |
    52 5.153e-01 4.000e-01    56     5  7.363e-06 | 2.743e-04    56      5  |
    53 5.153e-01 4.000e-01    56     5  9.026e-06 | 2.627e-04    56      5  |
    54 5.153e-01 4.000e-01    56     5  6.187e-06 | 2.519e-04    56      5  |
    55 5.153e-01 4.000e-01    56     5  6.884e-06 | 2.417e-04    56      5  |
    56 5.153e-01 4.000e-01    56     5  5.224e-06 | 2.321e-04    56      5  |
    57 5.153e-01 4.000e-01    56     5  1.112e-05 | 2.230e-04    56      5  |
    58 5.153e-01 4.000e-01    56     5  6.037e-06 | 2.143e-04    56      5  |
    59 5.153e-01 4.000e-01    56     5  5.654e-06 | 2.061e-04    56      5  |
    60 5.153e-01 4.000e-01    56     5  5.706e-06 | 1.982e-04    56      5  |
    61 5.153e-01 4.000e-01    56     5  7.111e-06 | 1.907e-04    56      5  |
    62 5.153e-01 4.000e-01    56     5  5.763e-06 | 1.836e-04    56      5  |
    63 5.153e-01 4.000e-01    56     5  5.524e-06 | 1.767e-04    56      5  |
    64 5.153e-01 4.000e-01    56     5  8.995e-06 | 1.702e-04    56      5  |
    65 5.153e-01 4.000e-01    56     5  3.519e-06 | 1.639e-04    56      5  |
    66 5.153e-01 4.000e-01    56     5  4.203e-06 | 1.579e-04    56      5  |
    67 5.153e-01 4.000e-01    56     5  6.407e-06 | 1.522e-04    56      5  |
    68 5.153e-01 4.000e-01    56     5  4.443e-06 | 1.467e-04    56      5  |
    69 5.153e-01 4.000e-01    56     5  3.918e-06 | 1.414e-04    56      5  |
    70 5.153e-01 4.000e-01    56     5  4.165e-06 | 1.363e-04    56      5  |
    71 5.153e-01 4.000e-01    56     5  5.923e-06 | 1.315e-04    56      5  |
    72 5.153e-01 4.000e-01    56     5  5.679e-06 | 1.268e-04    56      5  |
    73 5.153e-01 4.000e-01    56     5  4.216e-06 | 1.223e-04    56      5  |
    74 5.153e-01 4.000e-01    56     5  3.316e-06 | 1.180e-04    56      5  |
    75 5.153e-01 4.000e-01    56     5  2.534e-06 | 1.139e-04    56      5  |
    76 5.153e-01 4.000e-01    56     5  3.139e-06 | 1.099e-04    56      5  |
    77 5.153e-01 4.000e-01    56     5  2.597e-06 | 1.061e-04    56      5  |
    78 5.153e-01 4.000e-01    56     5  2.413e-06 | 1.025e-04    56      5  |
    79 5.153e-01 4.000e-01    56     5  3.435e-06 | 9.893e-05    56      5  |
    80 5.153e-01 4.000e-01    56     5  3.439e-06 | 9.553e-05    56      5  |
    81 5.153e-01 4.000e-01    56     5  2.909e-06 | 9.227e-05    56      5  |
    82 5.153e-01 4.000e-01    56     5  3.012e-06 | 8.912e-05    56      5  |
    83 5.153e-01 4.000e-01    56     5  2.580e-06 | 8.610e-05    56      5  |
    84 5.153e-01 4.000e-01    56     5  2.944e-06 | 8.318e-05    56      5  |
    85 5.153e-01 4.000e-01    56     5  1.847e-06 | 8.038e-05    56      5  |
    86 5.153e-01 4.000e-01    56     5  1.926e-06 | 7.767e-05    56      5  |
    87 5.153e-01 4.000e-01    56     5  2.149e-06 | 7.507e-05    56      5  |
    88 5.153e-01 4.000e-01    56     5  1.812e-06 | 7.255e-05    56      5  |
    89 5.153e-01 4.000e-01    56     5  1.638e-06 | 7.013e-05    56      5  |
    90 5.153e-01 4.000e-01    56     5  2.475e-06 | 6.780e-05    56      5  |
    91 5.153e-01 4.000e-01    56     5  1.820e-06 | 6.555e-05    56      5  |
    92 5.153e-01 4.000e-01    56     5  2.498e-06 | 6.337e-05    56      5  |
    93 5.153e-01 4.000e-01    56     5  2.305e-06 | 6.128e-05    56      5  |
    94 5.153e-01 4.000e-01    56     5  1.317e-06 | 5.926e-05    56      5  |
    95 5.153e-01 4.000e-01    56     5  2.378e-06 | 5.731e-05    56      5  |
    96 5.153e-01 4.000e-01    56     5  2.025e-06 | 5.543e-05    56      5  |
    97 5.153e-01 4.000e-01    56     5  2.517e-06 | 5.361e-05    56      5  |
    98 5.153e-01 4.000e-01    56     5  1.126e-06 | 5.185e-05    56      5  |
    99 5.153e-01 4.000e-01    56     5  1.405e-06 | 5.016e-05    56      5  |
   100 5.153e-01 4.000e-01    56     5  1.332e-06 | 4.853e-05    56      5  |

==============================
Exit: Iteration limit reached

Final Results
==============================
Epochs:100
# Data pass:200
CPU seconds:6.7912
# zero groups(best):56
# zero groups(end):56
Obj. F(best):5.152741e-01
Obj. F(end):5.152741e-01
Optim.(end):4.852663e-05
