
================================================================================
       Solver:RDA    Version: 0.1 (2023-05-02)  
================================================================================
Problem Summary: Excuted at 2023-05-04 11:58:43.302398
Dataset:.............................................a9a
Data Size:......................................n=32561, p=123
Loss Function:..................................Logistic
Regularizer:................................................Group L1
Penalty Parameter:..............................lambda=0.0057
Number of groups:..............................61

Algorithm Parameters:
 Termination Conditions:
    accuracy: -1.0 | optim scaled: True | time limits:43200.0 | epoch limits:100
 Sampling Setups: batchsize: 256 | shuffle: True
 Proximal Stepsize update: increasing
 Compute Optimality measure: True
****************************************************************************************************
 Epoch.   Obj.    alphak      #z   #nz   |egradf| |   optim     #pz    #pnz |
     0 6.931e-01 1.000e+02    61     0  1.813e-01 | 1.485e-01    37     24  |
     1 5.174e-01 1.136e+03    53     8  2.608e-03 | 3.536e-03    54      7  |
     2 5.164e-01 1.603e+03    53     8  4.512e-03 | 2.233e-03    56      5  |
     3 5.161e-01 1.962e+03    53     8  7.140e-03 | 2.911e-03    57      4  |
     4 5.159e-01 2.265e+03    54     7  4.055e-03 | 1.937e-03    56      5  |
     5 5.162e-01 2.532e+03    55     6  7.981e-03 | 5.777e-03    54      7  |
     6 5.162e-01 2.773e+03    55     6  1.045e-02 | 3.900e-03    58      3  |
     7 5.156e-01 2.995e+03    55     6  1.236e-03 | 1.299e-03    55      6  |
     8 5.155e-01 3.202e+03    55     6  1.809e-03 | 8.556e-04    57      4  |
     9 5.155e-01 3.396e+03    55     6  1.172e-03 | 9.556e-04    56      5  |
    10 5.155e-01 3.579e+03    56     5  9.845e-04 | 1.084e-03    55      6  |
    11 5.155e-01 3.754e+03    56     5  2.851e-03 | 1.256e-03    57      4  |
    12 5.156e-01 3.920e+03    56     5  3.785e-03 | 2.823e-03    54      7  |
    13 5.155e-01 4.080e+03    56     5  2.360e-03 | 1.901e-03    55      6  |
    14 5.154e-01 4.234e+03    56     5  9.478e-04 | 7.693e-04    56      5  |
    15 5.154e-01 4.383e+03    56     5  1.999e-03 | 8.027e-04    57      4  |
    16 5.155e-01 4.527e+03    56     5  4.652e-03 | 1.874e-03    59      2  |
    17 5.154e-01 4.666e+03    56     5  8.457e-04 | 7.942e-04    56      5  |
    18 5.154e-01 4.801e+03    56     5  1.164e-03 | 5.806e-04    57      4  |
    19 5.154e-01 4.933e+03    56     5  1.507e-03 | 1.157e-03    56      5  |
    20 5.154e-01 5.061e+03    56     5  1.844e-03 | 8.135e-04    57      4  |
    21 5.154e-01 5.186e+03    56     5  1.353e-03 | 6.964e-04    57      4  |
    22 5.154e-01 5.308e+03    56     5  1.683e-03 | 1.425e-03    55      6  |
    23 5.154e-01 5.427e+03    56     5  1.438e-03 | 5.860e-04    57      4  |
    24 5.153e-01 5.543e+03    56     5  8.667e-04 | 5.408e-04    57      4  |
    25 5.154e-01 5.658e+03    56     5  3.321e-03 | 1.356e-03    58      3  |
    26 5.155e-01 5.770e+03    56     5  4.198e-03 | 2.809e-03    55      6  |
    27 5.153e-01 5.880e+03    56     5  1.354e-03 | 5.934e-04    57      4  |
    28 5.153e-01 5.987e+03    56     5  1.347e-03 | 6.229e-04    57      4  |
    29 5.154e-01 6.093e+03    56     5  1.316e-03 | 1.079e-03    56      5  |
    30 5.155e-01 6.198e+03    56     5  3.949e-03 | 2.652e-03    56      5  |
    31 5.153e-01 6.300e+03    56     5  1.806e-03 | 7.964e-04    58      3  |
    32 5.154e-01 6.401e+03    56     5  2.376e-03 | 1.758e-03    55      6  |
    33 5.153e-01 6.500e+03    56     5  1.098e-03 | 9.375e-04    56      5  |
    34 5.154e-01 6.598e+03    56     5  2.163e-03 | 1.611e-03    55      6  |
    35 5.153e-01 6.694e+03    56     5  7.287e-04 | 5.402e-04    56      5  |
    36 5.154e-01 6.789e+03    56     5  3.236e-03 | 2.245e-03    56      5  |
    37 5.153e-01 6.883e+03    56     5  1.589e-03 | 7.587e-04    57      4  |
    38 5.153e-01 6.975e+03    56     5  5.298e-04 | 6.885e-04    56      5  |
    39 5.153e-01 7.066e+03    56     5  1.194e-03 | 1.018e-03    56      5  |
    40 5.154e-01 7.156e+03    56     5  2.245e-03 | 1.658e-03    55      6  |
    41 5.153e-01 7.245e+03    56     5  7.973e-04 | 4.096e-04    57      4  |
    42 5.153e-01 7.333e+03    56     5  9.811e-04 | 4.491e-04    57      4  |
    43 5.153e-01 7.420e+03    56     5  1.213e-03 | 9.435e-04    56      5  |
    44 5.153e-01 7.505e+03    56     5  2.086e-03 | 8.896e-04    58      3  |
    45 5.154e-01 7.590e+03    56     5  2.641e-03 | 1.856e-03    55      6  |
    46 5.153e-01 7.674e+03    56     5  2.364e-03 | 9.865e-04    58      3  |
    47 5.153e-01 7.757e+03    56     5  1.609e-03 | 1.227e-03    55      6  |
    48 5.155e-01 7.839e+03    56     5  5.391e-03 | 1.823e-03    59      2  |
    49 5.153e-01 7.920e+03    56     5  7.227e-04 | 7.006e-04    56      5  |
 Epoch.   Obj.    alphak      #z   #nz   |egradf| |   optim     #pz    #pnz |
    50 5.153e-01 8.001e+03    56     5  5.796e-04 | 5.935e-04    56      5  |
    51 5.153e-01 8.080e+03    56     5  2.891e-03 | 1.101e-03    59      2  |
    52 5.153e-01 8.159e+03    56     5  5.372e-04 | 5.437e-04    56      5  |
    53 5.153e-01 8.237e+03    56     5  6.821e-04 | 6.433e-04    56      5  |
    54 5.154e-01 8.314e+03    56     5  2.994e-03 | 2.033e-03    56      5  |
    55 5.153e-01 8.391e+03    56     5  6.368e-04 | 3.592e-04    57      4  |
    56 5.153e-01 8.467e+03    56     5  5.166e-04 | 4.229e-04    56      5  |
    57 5.153e-01 8.542e+03    56     5  7.693e-04 | 6.525e-04    56      5  |
    58 5.153e-01 8.617e+03    56     5  5.892e-04 | 5.498e-04    56      5  |
    59 5.153e-01 8.691e+03    56     5  5.442e-04 | 4.216e-04    56      5  |
    60 5.153e-01 8.764e+03    56     5  6.817e-04 | 3.425e-04    57      4  |
    61 5.153e-01 8.837e+03    56     5  1.319e-03 | 5.682e-04    58      3  |
    62 5.153e-01 8.909e+03    56     5  7.039e-04 | 3.257e-04    57      4  |
    63 5.154e-01 8.981e+03    56     5  3.929e-03 | 2.484e-03    56      5  |
    64 5.153e-01 9.052e+03    56     5  1.070e-03 | 4.350e-04    57      4  |
    65 5.153e-01 9.122e+03    56     5  5.696e-04 | 4.672e-04    56      5  |
    66 5.154e-01 9.192e+03    56     5  2.576e-03 | 1.737e-03    56      5  |
    67 5.154e-01 9.261e+03    56     5  2.629e-03 | 1.784e-03    56      5  |
    68 5.153e-01 9.330e+03    56     5  1.505e-03 | 7.057e-04    58      3  |
    69 5.153e-01 9.398e+03    56     5  4.359e-04 | 4.645e-04    56      5  |
    70 5.153e-01 9.466e+03    56     5  1.932e-03 | 8.333e-04    58      3  |
    71 5.153e-01 9.534e+03    56     5  5.036e-04 | 5.487e-04    56      5  |
    72 5.153e-01 9.601e+03    56     5  1.397e-03 | 6.247e-04    58      3  |
    73 5.153e-01 9.667e+03    56     5  2.222e-03 | 8.985e-04    59      2  |
    74 5.153e-01 9.733e+03    56     5  6.808e-04 | 3.241e-04    57      4  |
    75 5.153e-01 9.798e+03    56     5  8.061e-04 | 6.914e-04    56      5  |
    76 5.153e-01 9.864e+03    56     5  1.292e-03 | 5.829e-04    58      3  |
    77 5.153e-01 9.928e+03    56     5  7.388e-04 | 7.023e-04    56      5  |
    78 5.153e-01 9.992e+03    56     5  1.087e-03 | 5.037e-04    57      4  |
    79 5.153e-01 1.006e+04    56     5  6.351e-04 | 2.854e-04    57      4  |
    80 5.153e-01 1.012e+04    56     5  4.892e-04 | 3.071e-04    56      5  |
    81 5.153e-01 1.018e+04    56     5  1.585e-03 | 1.155e-03    56      5  |
    82 5.153e-01 1.025e+04    56     5  1.657e-03 | 7.195e-04    58      3  |
    83 5.153e-01 1.031e+04    56     5  1.284e-03 | 9.525e-04    56      5  |
    84 5.153e-01 1.037e+04    56     5  1.489e-03 | 6.250e-04    58      3  |
    85 5.153e-01 1.043e+04    56     5  1.552e-03 | 6.522e-04    58      3  |
    86 5.153e-01 1.049e+04    56     5  2.117e-03 | 8.666e-04    59      2  |
    87 5.153e-01 1.055e+04    56     5  4.112e-04 | 3.723e-04    56      5  |
    88 5.153e-01 1.061e+04    56     5  5.061e-04 | 4.817e-04    56      5  |
    89 5.153e-01 1.067e+04    56     5  4.569e-04 | 3.044e-04    56      5  |
    90 5.153e-01 1.073e+04    56     5  7.986e-04 | 6.311e-04    56      5  |
    91 5.153e-01 1.079e+04    56     5  1.840e-03 | 7.474e-04    59      2  |
    92 5.153e-01 1.085e+04    56     5  1.997e-03 | 1.361e-03    57      4  |
    93 5.153e-01 1.091e+04    56     5  9.932e-04 | 3.975e-04    57      4  |
    94 5.153e-01 1.097e+04    56     5  1.755e-03 | 7.025e-04    59      2  |
    95 5.153e-01 1.103e+04    56     5  4.498e-04 | 2.764e-04    56      5  |
    96 5.153e-01 1.109e+04    56     5  5.998e-04 | 4.651e-04    56      5  |
    97 5.153e-01 1.114e+04    56     5  2.554e-03 | 9.162e-04    59      2  |
    98 5.153e-01 1.120e+04    56     5  5.844e-04 | 4.945e-04    56      5  |
    99 5.153e-01 1.126e+04    56     5  1.796e-03 | 1.257e-03    56      5  |
 Epoch.   Obj.    alphak      #z   #nz   |egradf| |   optim     #pz    #pnz |
   100 5.153e-01 1.131e+04    56     5  4.027e-04 | 3.420e-04    56      5  |
   101 5.153e-01 1.137e+04    56     5  4.958e-04 | 4.502e-04    56      5  |
   102 5.153e-01 1.143e+04    56     5  8.020e-04 | 3.462e-04    57      4  |
   103 5.153e-01 1.148e+04    56     5  8.327e-04 | 6.586e-04    56      5  |
   104 5.153e-01 1.154e+04    56     5  1.259e-03 | 9.293e-04    56      5  |
   105 5.153e-01 1.159e+04    56     5  1.080e-03 | 8.284e-04    56      5  |
   106 5.153e-01 1.165e+04    56     5  4.329e-04 | 3.714e-04    56      5  |
   107 5.153e-01 1.170e+04    56     5  1.998e-03 | 7.788e-04    59      2  |
   108 5.153e-01 1.176e+04    56     5  4.240e-04 | 4.270e-04    56      5  |
   109 5.153e-01 1.181e+04    56     5  8.094e-04 | 3.551e-04    57      4  |
   110 5.153e-01 1.187e+04    56     5  2.003e-03 | 7.888e-04    59      2  |
   111 5.153e-01 1.192e+04    56     5  4.662e-04 | 2.740e-04    57      4  |
   112 5.153e-01 1.197e+04    56     5  1.716e-03 | 1.217e-03    56      5  |
   113 5.153e-01 1.203e+04    56     5  3.502e-04 | 3.122e-04    56      5  |
   114 5.153e-01 1.208e+04    56     5  8.753e-04 | 3.959e-04    57      4  |
   115 5.153e-01 1.213e+04    56     5  4.203e-04 | 2.646e-04    57      4  |
   116 5.153e-01 1.219e+04    56     5  1.121e-03 | 4.764e-04    58      3  |
   117 5.153e-01 1.224e+04    56     5  1.499e-03 | 1.072e-03    56      5  |
   118 5.153e-01 1.229e+04    56     5  1.444e-03 | 1.021e-03    56      5  |
   119 5.153e-01 1.234e+04    56     5  5.952e-04 | 2.467e-04    57      4  |
   120 5.153e-01 1.239e+04    56     5  5.927e-04 | 2.648e-04    57      4  |
   121 5.153e-01 1.245e+04    56     5  6.350e-04 | 2.772e-04    57      4  |
   122 5.153e-01 1.250e+04    56     5  6.828e-04 | 5.396e-04    56      5  |
   123 5.153e-01 1.255e+04    56     5  1.407e-03 | 1.004e-03    56      5  |
   124 5.153e-01 1.260e+04    56     5  5.607e-04 | 2.184e-04    57      4  |
   125 5.153e-01 1.265e+04    56     5  1.480e-03 | 6.025e-04    58      3  |
   126 5.153e-01 1.270e+04    56     5  4.037e-04 | 2.335e-04    57      4  |
   127 5.153e-01 1.275e+04    56     5  4.685e-04 | 2.424e-04    57      4  |
   128 5.153e-01 1.280e+04    56     5  1.432e-03 | 1.020e-03    56      5  |
   129 5.153e-01 1.285e+04    56     5  1.198e-03 | 4.819e-04    58      3  |
   130 5.153e-01 1.290e+04    56     5  1.177e-03 | 5.078e-04    58      3  |
   131 5.153e-01 1.295e+04    56     5  2.718e-03 | 9.841e-04    59      2  |
   132 5.153e-01 1.300e+04    56     5  4.081e-04 | 2.925e-04    56      5  |
   133 5.153e-01 1.305e+04    56     5  3.322e-04 | 3.110e-04    56      5  |
   134 5.153e-01 1.310e+04    56     5  3.417e-04 | 2.934e-04    56      5  |
   135 5.153e-01 1.315e+04    56     5  6.844e-04 | 5.768e-04    56      5  |
   136 5.153e-01 1.319e+04    56     5  4.930e-04 | 4.756e-04    56      5  |
   137 5.153e-01 1.324e+04    56     5  3.382e-04 | 2.995e-04    56      5  |
   138 5.153e-01 1.329e+04    56     5  1.840e-03 | 7.078e-04    59      2  |
   139 5.153e-01 1.334e+04    56     5  2.605e-03 | 9.033e-04    59      2  |
   140 5.153e-01 1.339e+04    56     5  5.449e-04 | 2.354e-04    57      4  |
   141 5.153e-01 1.343e+04    56     5  8.223e-04 | 3.391e-04    57      4  |
   142 5.153e-01 1.348e+04    56     5  2.522e-03 | 8.568e-04    59      2  |
   143 5.153e-01 1.353e+04    56     5  3.715e-04 | 2.861e-04    56      5  |
   144 5.153e-01 1.358e+04    56     5  3.593e-04 | 2.558e-04    56      5  |
   145 5.153e-01 1.362e+04    56     5  1.593e-03 | 1.091e-03    57      4  |
   146 5.153e-01 1.367e+04    56     5  4.979e-04 | 4.017e-04    56      5  |
   147 5.153e-01 1.372e+04    56     5  4.926e-04 | 2.122e-04    57      4  |
   148 5.153e-01 1.376e+04    56     5  4.211e-04 | 2.085e-04    57      4  |
   149 5.153e-01 1.381e+04    56     5  1.258e-03 | 5.226e-04    58      3  |
 Epoch.   Obj.    alphak      #z   #nz   |egradf| |   optim     #pz    #pnz |
   150 5.153e-01 1.386e+04    56     5  1.008e-03 | 4.309e-04    58      3  |
   151 5.153e-01 1.390e+04    56     5  5.009e-04 | 4.446e-04    56      5  |
   152 5.153e-01 1.395e+04    56     5  1.174e-03 | 8.531e-04    56      5  |
   153 5.153e-01 1.399e+04    56     5  1.081e-03 | 4.738e-04    58      3  |
   154 5.153e-01 1.404e+04    56     5  1.157e-03 | 5.016e-04    58      3  |
   155 5.153e-01 1.409e+04    56     5  4.557e-04 | 2.324e-04    57      4  |
   156 5.153e-01 1.413e+04    56     5  3.225e-04 | 2.835e-04    56      5  |
   157 5.153e-01 1.418e+04    56     5  2.345e-03 | 8.272e-04    59      2  |
   158 5.153e-01 1.422e+04    56     5  5.363e-04 | 4.401e-04    56      5  |
   159 5.153e-01 1.427e+04    56     5  1.731e-03 | 1.156e-03    57      4  |
   160 5.153e-01 1.431e+04    56     5  2.020e-03 | 7.336e-04    59      2  |
   161 5.153e-01 1.436e+04    56     5  1.526e-03 | 1.029e-03    57      4  |
   162 5.153e-01 1.440e+04    56     5  3.936e-04 | 2.004e-04    56      5  |
   163 5.153e-01 1.444e+04    56     5  9.616e-04 | 3.909e-04    58      3  |
   164 5.153e-01 1.449e+04    56     5  3.728e-04 | 2.345e-04    56      5  |
   165 5.153e-01 1.453e+04    56     5  6.464e-04 | 2.659e-04    57      4  |
   166 5.153e-01 1.458e+04    56     5  5.158e-04 | 4.080e-04    56      5  |
   167 5.153e-01 1.462e+04    56     5  1.564e-03 | 6.048e-04    59      2  |
   168 5.153e-01 1.466e+04    56     5  5.658e-04 | 4.474e-04    56      5  |
   169 5.153e-01 1.471e+04    56     5  9.666e-04 | 4.017e-04    58      3  |
   170 5.153e-01 1.475e+04    56     5  5.380e-04 | 4.363e-04    56      5  |
   171 5.153e-01 1.479e+04    56     5  9.514e-04 | 7.120e-04    56      5  |
   172 5.153e-01 1.484e+04    56     5  1.224e-03 | 8.767e-04    56      5  |
   173 5.153e-01 1.488e+04    56     5  8.869e-04 | 6.618e-04    56      5  |
   174 5.153e-01 1.492e+04    56     5  5.135e-04 | 4.223e-04    56      5  |
   175 5.153e-01 1.497e+04    56     5  6.810e-04 | 2.858e-04    57      4  |
   176 5.153e-01 1.501e+04    56     5  1.432e-03 | 9.715e-04    57      4  |
   177 5.153e-01 1.505e+04    56     5  1.277e-03 | 5.373e-04    59      2  |
   178 5.153e-01 1.509e+04    56     5  1.836e-03 | 1.206e-03    57      4  |
   179 5.153e-01 1.514e+04    56     5  6.388e-04 | 4.978e-04    56      5  |
   180 5.153e-01 1.518e+04    56     5  1.145e-03 | 4.617e-04    58      3  |
   181 5.153e-01 1.522e+04    56     5  6.129e-04 | 2.238e-04    57      4  |
   182 5.153e-01 1.526e+04    56     5  9.319e-04 | 3.925e-04    58      3  |
   183 5.153e-01 1.531e+04    56     5  7.256e-04 | 5.456e-04    56      5  |
   184 5.153e-01 1.535e+04    56     5  1.183e-03 | 8.285e-04    56      5  |
   185 5.153e-01 1.539e+04    56     5  1.981e-03 | 7.077e-04    59      2  |
   186 5.153e-01 1.543e+04    56     5  1.181e-03 | 4.946e-04    58      3  |
   187 5.153e-01 1.547e+04    56     5  3.097e-04 | 2.190e-04    56      5  |
   188 5.153e-01 1.551e+04    56     5  1.430e-03 | 9.667e-04    57      4  |
   189 5.153e-01 1.555e+04    56     5  3.925e-04 | 1.736e-04    57      4  |
   190 5.153e-01 1.560e+04    56     5  6.162e-04 | 2.491e-04    57      4  |
   191 5.153e-01 1.564e+04    56     5  5.531e-04 | 2.288e-04    57      4  |
   192 5.153e-01 1.568e+04    56     5  1.582e-03 | 1.041e-03    57      4  |
   193 5.153e-01 1.572e+04    56     5  4.666e-04 | 1.705e-04    57      4  |
   194 5.153e-01 1.576e+04    56     5  1.418e-03 | 9.721e-04    57      4  |
   195 5.153e-01 1.580e+04    56     5  6.207e-04 | 4.934e-04    56      5  |
   196 5.153e-01 1.584e+04    56     5  1.151e-03 | 4.842e-04    58      3  |
   197 5.153e-01 1.588e+04    56     5  3.986e-04 | 2.037e-04    57      4  |
   198 5.153e-01 1.592e+04    56     5  6.804e-04 | 3.047e-04    57      4  |
   199 5.153e-01 1.596e+04    56     5  1.349e-03 | 5.259e-04    59      2  |
 Epoch.   Obj.    alphak      #z   #nz   |egradf| |   optim     #pz    #pnz |
   200 5.153e-01 1.600e+04    56     5  1.430e-03 | 5.539e-04    59      2  |
   201 5.153e-01 1.604e+04    56     5  5.936e-04 | 2.567e-04    57      4  |
   202 5.153e-01 1.608e+04    56     5  1.530e-03 | 5.819e-04    59      2  |
   203 5.153e-01 1.612e+04    56     5  5.992e-04 | 2.464e-04    57      4  |
   204 5.153e-01 1.616e+04    56     5  3.111e-04 | 2.582e-04    56      5  |
   205 5.153e-01 1.620e+04    56     5  1.141e-03 | 4.765e-04    58      3  |
   206 5.153e-01 1.624e+04    56     5  2.190e-03 | 7.749e-04    59      2  |
   207 5.153e-01 1.628e+04    56     5  1.591e-03 | 6.062e-04    59      2  |
   208 5.153e-01 1.632e+04    56     5  1.964e-03 | 1.258e-03    57      4  |
   209 5.153e-01 1.636e+04    56     5  5.933e-04 | 4.613e-04    56      5  |
   210 5.153e-01 1.640e+04    56     5  6.039e-04 | 2.637e-04    57      4  |
   211 5.153e-01 1.643e+04    56     5  8.567e-04 | 3.671e-04    58      3  |
   212 5.153e-01 1.647e+04    56     5  1.250e-03 | 5.024e-04    59      2  |
   213 5.153e-01 1.651e+04    56     5  3.308e-04 | 1.769e-04    57      4  |
   214 5.153e-01 1.655e+04    56     5  5.854e-04 | 2.350e-04    57      4  |
   215 5.153e-01 1.659e+04    56     5  7.155e-04 | 3.016e-04    58      3  |
   216 5.153e-01 1.663e+04    56     5  1.618e-03 | 1.052e-03    57      4  |
   217 5.153e-01 1.667e+04    56     5  1.470e-03 | 5.367e-04    59      2  |
   218 5.153e-01 1.670e+04    56     5  5.818e-04 | 2.202e-04    57      4  |
   219 5.153e-01 1.674e+04    56     5  5.285e-04 | 4.038e-04    56      5  |
   220 5.153e-01 1.678e+04    56     5  3.191e-04 | 2.063e-04    56      5  |
   221 5.153e-01 1.682e+04    56     5  7.567e-04 | 3.040e-04    58      3  |
   222 5.153e-01 1.686e+04    56     5  1.033e-03 | 4.250e-04    58      3  |
   223 5.153e-01 1.690e+04    56     5  1.700e-03 | 1.082e-03    57      4  |
   224 5.153e-01 1.693e+04    56     5  5.815e-04 | 2.179e-04    57      4  |
   225 5.153e-01 1.697e+04    56     5  1.078e-03 | 7.554e-04    56      5  |
   226 5.153e-01 1.701e+04    56     5  6.372e-04 | 4.696e-04    56      5  |
   227 5.153e-01 1.705e+04    56     5  7.238e-04 | 2.945e-04    58      3  |
   228 5.153e-01 1.708e+04    56     5  3.663e-04 | 2.967e-04    56      5  |
   229 5.153e-01 1.712e+04    56     5  3.601e-04 | 1.427e-04    57      4  |
   230 5.153e-01 1.716e+04    56     5  4.125e-04 | 1.594e-04    57      4  |
   231 5.153e-01 1.720e+04    56     5  5.538e-04 | 4.288e-04    56      5  |
   232 5.153e-01 1.723e+04    56     5  9.937e-04 | 7.152e-04    56      5  |
   233 5.153e-01 1.727e+04    56     5  1.848e-03 | 6.612e-04    59      2  |
   234 5.153e-01 1.731e+04    56     5  5.289e-04 | 4.267e-04    56      5  |
   235 5.153e-01 1.734e+04    56     5  6.396e-04 | 4.996e-04    56      5  |
   236 5.153e-01 1.738e+04    56     5  2.792e-04 | 2.019e-04    57      4  |
   237 5.153e-01 1.742e+04    56     5  2.792e-04 | 2.596e-04    56      5  |
   238 5.153e-01 1.745e+04    56     5  3.300e-04 | 1.821e-04    57      4  |
   239 5.153e-01 1.749e+04    56     5  2.719e-04 | 2.124e-04    56      5  |
   240 5.153e-01 1.753e+04    56     5  1.339e-03 | 5.265e-04    59      2  |
   241 5.153e-01 1.756e+04    56     5  9.346e-04 | 3.945e-04    58      3  |
   242 5.153e-01 1.760e+04    56     5  2.355e-03 | 8.041e-04    59      2  |
   243 5.153e-01 1.764e+04    56     5  4.769e-04 | 4.056e-04    56      5  |
   244 5.153e-01 1.767e+04    56     5  8.394e-04 | 3.550e-04    58      3  |
   245 5.153e-01 1.771e+04    56     5  6.606e-04 | 5.060e-04    56      5  |
   246 5.153e-01 1.775e+04    56     5  2.294e-03 | 1.423e-03    56      5  |
   247 5.153e-01 1.778e+04    56     5  8.363e-04 | 6.150e-04    56      5  |
   248 5.153e-01 1.782e+04    56     5  1.033e-03 | 4.441e-04    58      3  |
   249 5.153e-01 1.785e+04    56     5  5.788e-04 | 4.693e-04    56      5  |
 Epoch.   Obj.    alphak      #z   #nz   |egradf| |   optim     #pz    #pnz |
   250 5.153e-01 1.789e+04    56     5  4.291e-04 | 2.111e-04    57      4  |
   251 5.153e-01 1.792e+04    56     5  7.459e-04 | 5.700e-04    56      5  |
   252 5.153e-01 1.796e+04    56     5  8.426e-04 | 6.268e-04    56      5  |
   253 5.153e-01 1.800e+04    56     5  3.012e-04 | 1.780e-04    56      5  |
   254 5.153e-01 1.803e+04    56     5  1.045e-03 | 7.353e-04    56      5  |
   255 5.153e-01 1.807e+04    56     5  1.998e-03 | 6.862e-04    59      2  |
   256 5.153e-01 1.810e+04    56     5  9.830e-04 | 4.052e-04    58      3  |
   257 5.153e-01 1.814e+04    56     5  2.830e-04 | 2.352e-04    56      5  |
   258 5.153e-01 1.817e+04    56     5  8.832e-04 | 6.365e-04    56      5  |
   259 5.153e-01 1.821e+04    56     5  4.226e-04 | 3.342e-04    56      5  |
   260 5.153e-01 1.824e+04    56     5  5.476e-04 | 4.169e-04    56      5  |
   261 5.153e-01 1.828e+04    56     5  4.095e-04 | 3.242e-04    56      5  |
   262 5.153e-01 1.831e+04    56     5  5.568e-04 | 4.322e-04    56      5  |
   263 5.153e-01 1.835e+04    56     5  4.811e-04 | 2.028e-04    57      4  |
   264 5.153e-01 1.838e+04    56     5  1.166e-03 | 8.103e-04    57      4  |
   265 5.153e-01 1.842e+04    56     5  1.255e-03 | 4.967e-04    59      2  |
   266 5.153e-01 1.845e+04    56     5  1.418e-03 | 5.458e-04    59      2  |
   267 5.153e-01 1.849e+04    56     5  7.551e-04 | 5.630e-04    56      5  |
   268 5.153e-01 1.852e+04    56     5  8.893e-04 | 6.396e-04    56      5  |
   269 5.153e-01 1.856e+04    56     5  8.988e-04 | 3.736e-04    58      3  |
   270 5.153e-01 1.859e+04    56     5  7.495e-04 | 3.213e-04    58      3  |
   271 5.153e-01 1.862e+04    56     5  5.700e-04 | 2.483e-04    57      4  |
   272 5.153e-01 1.866e+04    56     5  8.700e-04 | 3.579e-04    58      3  |
   273 5.153e-01 1.869e+04    56     5  4.941e-04 | 2.040e-04    57      4  |
   274 5.153e-01 1.873e+04    56     5  3.126e-04 | 2.878e-04    56      5  |
   275 5.153e-01 1.876e+04    56     5  2.482e-04 | 1.899e-04    56      5  |
   276 5.153e-01 1.880e+04    56     5  3.624e-04 | 3.330e-04    56      5  |
   277 5.153e-01 1.883e+04    56     5  7.005e-04 | 3.034e-04    58      3  |
   278 5.153e-01 1.886e+04    56     5  8.037e-04 | 3.372e-04    58      3  |
   279 5.153e-01 1.890e+04    56     5  1.147e-03 | 7.831e-04    57      4  |
   280 5.153e-01 1.893e+04    56     5  3.225e-04 | 2.824e-04    56      5  |
   281 5.153e-01 1.897e+04    56     5  9.349e-04 | 3.886e-04    58      3  |
   282 5.153e-01 1.900e+04    56     5  3.174e-04 | 1.748e-04    57      4  |
   283 5.153e-01 1.903e+04    56     5  4.586e-04 | 3.856e-04    56      5  |
   284 5.153e-01 1.907e+04    56     5  5.783e-04 | 2.721e-04    57      4  |
   285 5.153e-01 1.910e+04    56     5  1.716e-03 | 6.228e-04    59      2  |
   286 5.153e-01 1.913e+04    56     5  3.648e-04 | 1.893e-04    57      4  |
   287 5.153e-01 1.917e+04    56     5  4.634e-04 | 3.966e-04    56      5  |
   288 5.153e-01 1.920e+04    56     5  5.359e-04 | 2.446e-04    57      4  |
   289 5.153e-01 1.923e+04    56     5  2.341e-04 | 1.969e-04    56      5  |
   290 5.153e-01 1.927e+04    56     5  4.814e-04 | 2.094e-04    57      4  |
   291 5.153e-01 1.930e+04    56     5  9.329e-04 | 3.879e-04    58      3  |
   292 5.153e-01 1.933e+04    56     5  2.442e-04 | 2.007e-04    56      5  |
   293 5.153e-01 1.937e+04    56     5  7.509e-04 | 5.571e-04    56      5  |
   294 5.153e-01 1.940e+04    56     5  9.458e-04 | 4.010e-04    58      3  |
   295 5.153e-01 1.943e+04    56     5  9.556e-04 | 4.151e-04    58      3  |
   296 5.153e-01 1.947e+04    56     5  2.604e-04 | 1.880e-04    56      5  |
   297 5.153e-01 1.950e+04    56     5  3.712e-04 | 3.360e-04    56      5  |
   298 5.153e-01 1.953e+04    56     5  6.906e-04 | 3.150e-04    58      3  |
   299 5.153e-01 1.956e+04    56     5  1.103e-03 | 4.578e-04    59      2  |
 Epoch.   Obj.    alphak      #z   #nz   |egradf| |   optim     #pz    #pnz |
   300 5.153e-01 1.960e+04    56     5  2.608e-04 | 2.764e-04    56      5  |
   301 5.153e-01 1.963e+04    56     5  2.502e-04 | 1.851e-04    56      5  |
   302 5.153e-01 1.966e+04    56     5  1.573e-03 | 5.749e-04    59      2  |
   303 5.153e-01 1.969e+04    56     5  3.564e-04 | 3.094e-04    56      5  |
   304 5.153e-01 1.973e+04    56     5  2.767e-04 | 1.641e-04    57      4  |
   305 5.153e-01 1.976e+04    56     5  1.147e-03 | 4.609e-04    59      2  |
   306 5.153e-01 1.979e+04    56     5  2.382e-04 | 1.864e-04    56      5  |
   307 5.153e-01 1.982e+04    56     5  1.397e-03 | 9.197e-04    57      4  |
   308 5.153e-01 1.986e+04    56     5  7.137e-04 | 3.109e-04    58      3  |
   309 5.153e-01 1.989e+04    56     5  3.546e-04 | 1.897e-04    57      4  |
   310 5.153e-01 1.992e+04    56     5  1.549e-03 | 5.732e-04    59      2  |
   311 5.153e-01 1.995e+04    56     5  3.118e-04 | 3.015e-04    56      5  |
   312 5.153e-01 1.998e+04    56     5  1.025e-03 | 4.378e-04    59      2  |
   313 5.153e-01 2.002e+04    56     5  8.130e-04 | 3.518e-04    58      3  |
   314 5.153e-01 2.005e+04    56     5  3.906e-04 | 3.414e-04    56      5  |
   315 5.153e-01 2.008e+04    56     5  4.913e-04 | 3.989e-04    56      5  |
   316 5.153e-01 2.011e+04    56     5  4.443e-04 | 3.682e-04    56      5  |
   317 5.153e-01 2.014e+04    56     5  1.366e-03 | 8.951e-04    57      4  |
   318 5.153e-01 2.018e+04    56     5  6.951e-04 | 2.997e-04    58      3  |
   319 5.153e-01 2.021e+04    56     5  2.797e-04 | 2.470e-04    56      5  |
   320 5.153e-01 2.024e+04    56     5  6.790e-04 | 2.963e-04    58      3  |
   321 5.153e-01 2.027e+04    56     5  3.705e-04 | 1.710e-04    57      4  |
   322 5.153e-01 2.030e+04    56     5  2.026e-03 | 1.254e-03    57      4  |
   323 5.153e-01 2.033e+04    56     5  2.047e-04 | 1.913e-04    56      5  |
   324 5.153e-01 2.036e+04    56     5  5.194e-04 | 4.160e-04    56      5  |
   325 5.153e-01 2.040e+04    56     5  3.123e-04 | 2.770e-04    56      5  |
   326 5.153e-01 2.043e+04    56     5  2.274e-04 | 1.772e-04    56      5  |
   327 5.153e-01 2.046e+04    56     5  3.234e-04 | 1.823e-04    57      4  |
   328 5.153e-01 2.049e+04    56     5  2.841e-04 | 1.757e-04    57      4  |
   329 5.153e-01 2.052e+04    56     5  2.213e-04 | 1.755e-04    56      5  |
   330 5.153e-01 2.055e+04    56     5  3.501e-04 | 3.026e-04    56      5  |
   331 5.153e-01 2.058e+04    56     5  2.620e-04 | 1.433e-04    57      4  |
   332 5.153e-01 2.061e+04    56     5  4.495e-04 | 3.497e-04    56      5  |
   333 5.153e-01 2.065e+04    56     5  2.497e-04 | 1.674e-04    56      5  |
   334 5.153e-01 2.068e+04    56     5  1.229e-03 | 8.082e-04    57      4  |
   335 5.153e-01 2.071e+04    56     5  6.674e-04 | 4.860e-04    56      5  |
   336 5.153e-01 2.074e+04    56     5  2.366e-04 | 2.141e-04    56      5  |
   337 5.153e-01 2.077e+04    56     5  5.819e-04 | 4.339e-04    56      5  |
   338 5.153e-01 2.080e+04    56     5  4.133e-04 | 3.314e-04    56      5  |
   339 5.153e-01 2.083e+04    56     5  5.266e-04 | 2.199e-04    57      4  |
   340 5.153e-01 2.086e+04    56     5  3.421e-04 | 2.930e-04    56      5  |
   341 5.153e-01 2.089e+04    56     5  5.595e-04 | 2.407e-04    58      3  |
   342 5.153e-01 2.092e+04    56     5  3.777e-04 | 1.508e-04    57      4  |
   343 5.153e-01 2.095e+04    56     5  8.045e-04 | 5.762e-04    56      5  |
   344 5.153e-01 2.098e+04    56     5  6.178e-04 | 4.581e-04    56      5  |
   345 5.153e-01 2.101e+04    56     5  2.896e-04 | 1.364e-04    57      4  |
   346 5.153e-01 2.104e+04    56     5  6.677e-04 | 4.951e-04    56      5  |
   347 5.153e-01 2.108e+04    56     5  2.928e-04 | 3.000e-04    56      5  |
   348 5.153e-01 2.111e+04    56     5  4.584e-04 | 2.276e-04    57      4  |
   349 5.153e-01 2.114e+04    56     5  4.046e-04 | 1.955e-04    57      4  |
 Epoch.   Obj.    alphak      #z   #nz   |egradf| |   optim     #pz    #pnz |
   350 5.153e-01 2.117e+04    56     5  3.840e-04 | 3.250e-04    56      5  |
   351 5.153e-01 2.120e+04    56     5  8.501e-04 | 3.599e-04    58      3  |
   352 5.153e-01 2.123e+04    56     5  7.703e-04 | 5.700e-04    56      5  |
   353 5.153e-01 2.126e+04    56     5  3.919e-04 | 3.380e-04    56      5  |
   354 5.153e-01 2.129e+04    56     5  2.484e-04 | 1.460e-04    57      4  |
   355 5.153e-01 2.132e+04    56     5  3.982e-04 | 3.269e-04    56      5  |
   356 5.153e-01 2.135e+04    56     5  2.392e-04 | 1.465e-04    57      4  |
   357 5.153e-01 2.138e+04    56     5  4.776e-04 | 3.744e-04    56      5  |
   358 5.153e-01 2.141e+04    56     5  6.043e-04 | 2.503e-04    58      3  |
   359 5.153e-01 2.144e+04    56     5  6.326e-04 | 4.610e-04    56      5  |
   360 5.153e-01 2.147e+04    56     5  6.198e-04 | 4.529e-04    56      5  |
   361 5.153e-01 2.150e+04    56     5  1.612e-03 | 5.500e-04    59      2  |
   362 5.153e-01 2.153e+04    56     5  5.235e-04 | 2.160e-04    57      4  |
   363 5.153e-01 2.156e+04    56     5  7.536e-04 | 3.008e-04    58      3  |
   364 5.153e-01 2.159e+04    56     5  7.349e-04 | 5.248e-04    56      5  |
   365 5.153e-01 2.162e+04    56     5  3.346e-04 | 1.394e-04    57      4  |
   366 5.153e-01 2.164e+04    56     5  5.824e-04 | 2.509e-04    58      3  |
   367 5.153e-01 2.167e+04    56     5  1.463e-03 | 5.234e-04    59      2  |
   368 5.153e-01 2.170e+04    56     5  9.461e-04 | 6.595e-04    57      4  |
   369 5.153e-01 2.173e+04    56     5  7.075e-04 | 3.025e-04    58      3  |
   370 5.153e-01 2.176e+04    56     5  2.352e-04 | 1.903e-04    56      5  |
   371 5.153e-01 2.179e+04    56     5  3.850e-04 | 3.173e-04    56      5  |
   372 5.153e-01 2.182e+04    56     5  2.351e-04 | 1.472e-04    56      5  |
   373 5.153e-01 2.185e+04    56     5  4.555e-04 | 3.494e-04    56      5  |
   374 5.153e-01 2.188e+04    56     5  6.978e-04 | 2.841e-04    58      3  |
   375 5.153e-01 2.191e+04    56     5  1.007e-03 | 3.981e-04    59      2  |
   376 5.153e-01 2.194e+04    56     5  2.448e-04 | 1.379e-04    57      4  |
   377 5.153e-01 2.197e+04    56     5  2.626e-04 | 2.299e-04    56      5  |
   378 5.153e-01 2.200e+04    56     5  2.324e-04 | 1.775e-04    56      5  |
   379 5.153e-01 2.203e+04    56     5  2.285e-04 | 1.852e-04    56      5  |
   380 5.153e-01 2.205e+04    56     5  4.717e-04 | 3.695e-04    56      5  |
   381 5.153e-01 2.208e+04    56     5  2.089e-04 | 1.678e-04    56      5  |
   382 5.153e-01 2.211e+04    56     5  7.569e-04 | 3.301e-04    58      3  |
   383 5.153e-01 2.214e+04    56     5  6.147e-04 | 2.775e-04    58      3  |
   384 5.153e-01 2.217e+04    56     5  9.950e-04 | 4.016e-04    59      2  |
   385 5.153e-01 2.220e+04    56     5  6.631e-04 | 4.892e-04    56      5  |
   386 5.153e-01 2.223e+04    56     5  2.881e-04 | 2.500e-04    56      5  |
   387 5.153e-01 2.226e+04    56     5  4.135e-04 | 1.664e-04    57      4  |
   388 5.153e-01 2.229e+04    56     5  8.288e-04 | 3.420e-04    58      3  |
   389 5.153e-01 2.231e+04    56     5  2.509e-04 | 2.100e-04    56      5  |
   390 5.153e-01 2.234e+04    56     5  8.944e-04 | 3.622e-04    59      2  |
   391 5.153e-01 2.237e+04    56     5  6.822e-04 | 2.764e-04    58      3  |
   392 5.153e-01 2.240e+04    56     5  3.070e-04 | 2.641e-04    56      5  |
   393 5.153e-01 2.243e+04    56     5  2.368e-04 | 1.393e-04    57      4  |
   394 5.153e-01 2.246e+04    56     5  8.812e-04 | 3.643e-04    59      2  |
   395 5.153e-01 2.249e+04    56     5  1.069e-03 | 4.103e-04    59      2  |
   396 5.153e-01 2.251e+04    56     5  5.175e-04 | 4.004e-04    56      5  |
   397 5.153e-01 2.254e+04    56     5  2.380e-04 | 2.024e-04    56      5  |
   398 5.153e-01 2.257e+04    56     5  8.117e-04 | 5.692e-04    56      5  |
   399 5.153e-01 2.260e+04    56     5  2.876e-04 | 2.459e-04    56      5  |
 Epoch.   Obj.    alphak      #z   #nz   |egradf| |   optim     #pz    #pnz |
   400 5.153e-01 2.263e+04    56     5  9.779e-04 | 3.861e-04    59      2  |
   401 5.153e-01 2.266e+04    56     5  1.338e-03 | 4.750e-04    59      2  |
   402 5.153e-01 2.268e+04    56     5  1.026e-03 | 3.914e-04    59      2  |
   403 5.153e-01 2.271e+04    56     5  2.843e-04 | 2.377e-04    56      5  |
   404 5.153e-01 2.274e+04    56     5  2.036e-04 | 1.617e-04    56      5  |
   405 5.153e-01 2.277e+04    56     5  2.237e-04 | 1.451e-04    56      5  |
   406 5.153e-01 2.280e+04    56     5  5.000e-04 | 3.915e-04    56      5  |
   407 5.153e-01 2.282e+04    56     5  1.309e-03 | 8.435e-04    57      4  |
   408 5.153e-01 2.285e+04    56     5  7.251e-04 | 2.966e-04    58      3  |
   409 5.153e-01 2.288e+04    56     5  3.797e-04 | 1.619e-04    57      4  |
   410 5.153e-01 2.291e+04    56     5  8.296e-04 | 5.892e-04    56      5  |
   411 5.153e-01 2.294e+04    56     5  2.045e-04 | 1.573e-04    56      5  |
   412 5.153e-01 2.296e+04    56     5  6.486e-04 | 4.787e-04    56      5  |
   413 5.153e-01 2.299e+04    56     5  4.838e-04 | 2.074e-04    57      4  |
   414 5.153e-01 2.302e+04    56     5  6.540e-04 | 2.833e-04    58      3  |
   415 5.153e-01 2.305e+04    56     5  3.851e-04 | 3.281e-04    56      5  |
   416 5.153e-01 2.308e+04    56     5  5.334e-04 | 4.099e-04    56      5  |
   417 5.153e-01 2.310e+04    56     5  1.599e-03 | 5.491e-04    59      2  |
   418 5.153e-01 2.313e+04    56     5  6.479e-04 | 4.735e-04    56      5  |
   419 5.153e-01 2.316e+04    56     5  5.546e-04 | 2.386e-04    58      3  |
   420 5.153e-01 2.319e+04    56     5  2.426e-04 | 1.310e-04    57      4  |
   421 5.153e-01 2.321e+04    56     5  9.293e-04 | 6.451e-04    57      4  |
   422 5.153e-01 2.324e+04    56     5  2.117e-04 | 1.406e-04    57      4  |
   423 5.153e-01 2.327e+04    56     5  3.863e-04 | 1.549e-04    57      4  |
   424 5.153e-01 2.330e+04    56     5  7.436e-04 | 3.032e-04    58      3  |
   425 5.153e-01 2.332e+04    56     5  1.248e-03 | 4.522e-04    59      2  |
   426 5.153e-01 2.335e+04    56     5  5.024e-04 | 2.196e-04    58      3  |
   427 5.153e-01 2.338e+04    56     5  4.424e-04 | 3.560e-04    56      5  |
   428 5.153e-01 2.341e+04    56     5  1.978e-04 | 1.664e-04    56      5  |
   429 5.153e-01 2.343e+04    56     5  2.927e-04 | 2.612e-04    56      5  |
   430 5.153e-01 2.346e+04    56     5  6.150e-04 | 4.639e-04    56      5  |
   431 5.153e-01 2.349e+04    56     5  3.817e-04 | 1.784e-04    57      4  |
   432 5.153e-01 2.352e+04    56     5  2.432e-04 | 1.298e-04    57      4  |
   433 5.153e-01 2.354e+04    56     5  3.111e-04 | 2.453e-04    56      5  |
   434 5.153e-01 2.357e+04    56     5  2.562e-04 | 2.003e-04    56      5  |
   435 5.153e-01 2.360e+04    56     5  2.807e-04 | 1.128e-04    57      4  |
   436 5.153e-01 2.362e+04    56     5  3.933e-04 | 1.377e-04    57      4  |
   437 5.153e-01 2.365e+04    56     5  1.077e-03 | 7.000e-04    57      4  |
   438 5.153e-01 2.368e+04    56     5  4.235e-04 | 3.038e-04    56      5  |
   439 5.153e-01 2.371e+04    56     5  5.943e-04 | 4.219e-04    56      5  |
   440 5.153e-01 2.373e+04    56     5  2.351e-04 | 1.393e-04    56      5  |
   441 5.153e-01 2.376e+04    56     5  1.011e-03 | 6.747e-04    57      4  |
   442 5.153e-01 2.379e+04    56     5  5.998e-04 | 2.384e-04    58      3  |
   443 5.153e-01 2.381e+04    56     5  4.076e-04 | 3.189e-04    56      5  |
   444 5.153e-01 2.384e+04    56     5  3.196e-04 | 1.304e-04    57      4  |
   445 5.153e-01 2.387e+04    56     5  8.517e-04 | 3.481e-04    59      2  |
   446 5.153e-01 2.389e+04    56     5  3.142e-04 | 1.376e-04    57      4  |
   447 5.153e-01 2.392e+04    56     5  2.954e-04 | 1.290e-04    57      4  |
   448 5.153e-01 2.395e+04    56     5  2.071e-04 | 1.433e-04    56      5  |
   449 5.153e-01 2.397e+04    56     5  2.789e-04 | 2.412e-04    56      5  |
 Epoch.   Obj.    alphak      #z   #nz   |egradf| |   optim     #pz    #pnz |
   450 5.153e-01 2.400e+04    56     5  2.273e-04 | 1.291e-04    57      4  |
   451 5.153e-01 2.403e+04    56     5  2.046e-04 | 1.823e-04    56      5  |
   452 5.153e-01 2.405e+04    56     5  1.246e-03 | 8.026e-04    57      4  |
   453 5.153e-01 2.408e+04    56     5  3.351e-04 | 1.456e-04    57      4  |
   454 5.153e-01 2.411e+04    56     5  2.056e-04 | 1.381e-04    56      5  |
   455 5.153e-01 2.413e+04    56     5  8.615e-04 | 6.008e-04    57      4  |
   456 5.153e-01 2.416e+04    56     5  2.420e-04 | 1.237e-04    57      4  |
   457 5.153e-01 2.419e+04    56     5  2.857e-04 | 2.466e-04    56      5  |
   458 5.153e-01 2.421e+04    56     5  4.240e-04 | 1.878e-04    57      4  |
   459 5.153e-01 2.424e+04    56     5  2.043e-04 | 1.371e-04    56      5  |
   460 5.153e-01 2.427e+04    56     5  6.934e-04 | 2.915e-04    58      3  |
   461 5.153e-01 2.429e+04    56     5  1.366e-03 | 4.870e-04    59      2  |
   462 5.153e-01 2.432e+04    56     5  1.022e-03 | 4.038e-04    59      2  |
   463 5.153e-01 2.434e+04    56     5  1.231e-03 | 4.591e-04    59      2  |
   464 5.153e-01 2.437e+04    56     5  3.929e-04 | 3.315e-04    56      5  |
   465 5.153e-01 2.440e+04    56     5  6.859e-04 | 5.009e-04    56      5  |
   466 5.153e-01 2.442e+04    56     5  4.356e-04 | 2.024e-04    57      4  |
   467 5.153e-01 2.445e+04    56     5  5.963e-04 | 2.656e-04    58      3  |
   468 5.153e-01 2.448e+04    56     5  3.779e-04 | 1.765e-04    57      4  |
   469 5.153e-01 2.450e+04    56     5  3.514e-04 | 3.004e-04    56      5  |
   470 5.153e-01 2.453e+04    56     5  3.289e-04 | 2.808e-04    56      5  |
   471 5.153e-01 2.455e+04    56     5  2.603e-04 | 1.202e-04    57      4  |
   472 5.153e-01 2.458e+04    56     5  4.404e-04 | 3.374e-04    56      5  |
   473 5.153e-01 2.461e+04    56     5  2.509e-04 | 1.242e-04    57      4  |
   474 5.153e-01 2.463e+04    56     5  2.537e-04 | 1.225e-04    57      4  |
   475 5.153e-01 2.466e+04    56     5  2.170e-04 | 1.265e-04    56      5  |
   476 5.153e-01 2.468e+04    56     5  6.281e-04 | 4.546e-04    56      5  |
   477 5.153e-01 2.471e+04    56     5  2.879e-04 | 1.141e-04    57      4  |
   478 5.153e-01 2.474e+04    56     5  9.038e-04 | 3.416e-04    59      2  |
   479 5.153e-01 2.476e+04    56     5  7.914e-04 | 5.524e-04    57      4  |
   480 5.153e-01 2.479e+04    56     5  4.830e-04 | 3.663e-04    56      5  |
   481 5.153e-01 2.481e+04    56     5  5.546e-04 | 4.084e-04    56      5  |
   482 5.153e-01 2.484e+04    56     5  3.843e-04 | 1.506e-04    57      4  |
   483 5.153e-01 2.486e+04    56     5  3.730e-04 | 2.887e-04    56      5  |
   484 5.153e-01 2.489e+04    56     5  8.092e-04 | 5.622e-04    57      4  |
   485 5.153e-01 2.492e+04    56     5  4.318e-04 | 3.285e-04    56      5  |
   486 5.153e-01 2.494e+04    56     5  2.447e-04 | 1.970e-04    56      5  |
   487 5.153e-01 2.497e+04    56     5  2.605e-04 | 1.955e-04    56      5  |
   488 5.153e-01 2.499e+04    56     5  3.182e-04 | 1.266e-04    57      4  |
   489 5.153e-01 2.502e+04    56     5  4.414e-04 | 1.957e-04    57      4  |
   490 5.153e-01 2.504e+04    56     5  1.314e-03 | 4.640e-04    59      2  |
   491 5.153e-01 2.507e+04    56     5  3.963e-04 | 1.693e-04    57      4  |
   492 5.153e-01 2.510e+04    56     5  5.361e-04 | 2.330e-04    58      3  |
   493 5.153e-01 2.512e+04    56     5  5.425e-04 | 3.986e-04    56      5  |
   494 5.153e-01 2.515e+04    56     5  8.439e-04 | 5.883e-04    57      4  |
   495 5.153e-01 2.517e+04    56     5  6.930e-04 | 2.911e-04    58      3  |
   496 5.153e-01 2.520e+04    56     5  9.802e-04 | 6.508e-04    57      4  |
   497 5.153e-01 2.522e+04    56     5  4.226e-04 | 3.206e-04    56      5  |
   498 5.153e-01 2.525e+04    56     5  4.282e-04 | 3.290e-04    56      5  |
   499 5.153e-01 2.527e+04    56     5  4.337e-04 | 3.332e-04    56      5  |
 Epoch.   Obj.    alphak      #z   #nz   |egradf| |   optim     #pz    #pnz |
   500 5.153e-01 2.530e+04    56     5  1.923e-04 | 1.702e-04    56      5  |
   501 5.153e-01 2.532e+04    56     5  3.142e-04 | 1.472e-04    57      4  |
   502 5.153e-01 2.535e+04    56     5  1.428e-03 | 4.988e-04    59      2  |
   503 5.153e-01 2.537e+04    56     5  1.288e-03 | 4.620e-04    59      2  |
   504 5.153e-01 2.540e+04    56     5  4.412e-04 | 1.945e-04    57      4  |
   505 5.153e-01 2.542e+04    56     5  5.935e-04 | 2.534e-04    58      3  |
   506 5.153e-01 2.545e+04    56     5  3.901e-04 | 3.045e-04    56      5  |
   507 5.153e-01 2.547e+04    56     5  2.212e-04 | 1.770e-04    56      5  |
   508 5.153e-01 2.550e+04    56     5  3.486e-04 | 1.373e-04    57      4  |
   509 5.153e-01 2.553e+04    56     5  2.289e-04 | 1.588e-04    56      5  |
   510 5.153e-01 2.555e+04    56     5  3.111e-04 | 2.244e-04    56      5  |
   511 5.153e-01 2.558e+04    56     5  3.930e-04 | 1.347e-04    57      4  |
   512 5.153e-01 2.560e+04    56     5  1.198e-03 | 7.517e-04    57      4  |
   513 5.153e-01 2.563e+04    56     5  5.179e-04 | 3.756e-04    56      5  |
   514 5.153e-01 2.565e+04    56     5  1.710e-03 | 1.032e-03    57      4  |
   515 5.153e-01 2.568e+04    56     5  6.186e-04 | 2.440e-04    58      3  |
   516 5.153e-01 2.570e+04    56     5  8.663e-04 | 3.281e-04    59      2  |
   517 5.153e-01 2.572e+04    56     5  9.078e-04 | 3.504e-04    59      2  |
   518 5.153e-01 2.575e+04    56     5  3.481e-04 | 1.382e-04    57      4  |
   519 5.153e-01 2.577e+04    56     5  2.909e-04 | 2.295e-04    56      5  |
   520 5.153e-01 2.580e+04    56     5  3.422e-04 | 1.382e-04    57      4  |
   521 5.153e-01 2.582e+04    56     5  2.815e-04 | 1.110e-04    57      4  |
   522 5.153e-01 2.585e+04    56     5  2.778e-04 | 1.120e-04    57      4  |
   523 5.153e-01 2.587e+04    56     5  8.635e-04 | 5.759e-04    57      4  |
   524 5.153e-01 2.590e+04    56     5  8.342e-04 | 5.595e-04    57      4  |
   525 5.153e-01 2.592e+04    56     5  2.238e-04 | 1.079e-04    56      5  |
   526 5.153e-01 2.595e+04    56     5  2.319e-04 | 1.336e-04    56      5  |
   527 5.153e-01 2.597e+04    56     5  5.074e-04 | 1.898e-04    58      3  |
   528 5.153e-01 2.600e+04    56     5  6.664e-04 | 4.588e-04    56      5  |
   529 5.153e-01 2.602e+04    56     5  8.678e-04 | 5.679e-04    57      4  |
   530 5.153e-01 2.605e+04    56     5  1.627e-03 | 9.824e-04    57      4  |
   531 5.153e-01 2.607e+04    56     5  6.589e-04 | 4.574e-04    56      5  |
   532 5.153e-01 2.610e+04    56     5  9.765e-04 | 6.319e-04    57      4  |
   533 5.153e-01 2.612e+04    56     5  2.182e-04 | 1.280e-04    56      5  |
   534 5.153e-01 2.614e+04    56     5  2.439e-04 | 9.000e-05    57      4  |
   535 5.153e-01 2.617e+04    56     5  2.502e-04 | 1.968e-04    56      5  |
   536 5.153e-01 2.619e+04    56     5  2.629e-04 | 1.136e-04    57      4  |
   537 5.153e-01 2.622e+04    56     5  2.085e-04 | 1.744e-04    56      5  |
   538 5.153e-01 2.624e+04    56     5  3.597e-04 | 2.830e-04    56      5  |
   539 5.153e-01 2.627e+04    56     5  4.439e-04 | 1.874e-04    58      3  |
   540 5.153e-01 2.629e+04    56     5  2.054e-04 | 1.633e-04    56      5  |
   541 5.153e-01 2.632e+04    56     5  1.887e-04 | 1.443e-04    56      5  |
   542 5.153e-01 2.634e+04    56     5  4.148e-04 | 3.274e-04    56      5  |
   543 5.153e-01 2.636e+04    56     5  3.707e-04 | 3.050e-04    56      5  |
   544 5.153e-01 2.639e+04    56     5  4.443e-04 | 2.036e-04    58      3  |
   545 5.153e-01 2.641e+04    56     5  2.755e-04 | 2.421e-04    56      5  |
   546 5.153e-01 2.644e+04    56     5  9.563e-04 | 6.432e-04    57      4  |
   547 5.153e-01 2.646e+04    56     5  6.529e-04 | 4.709e-04    56      5  |
   548 5.153e-01 2.648e+04    56     5  9.805e-04 | 3.666e-04    59      2  |
   549 5.153e-01 2.651e+04    56     5  1.030e-03 | 3.807e-04    59      2  |
 Epoch.   Obj.    alphak      #z   #nz   |egradf| |   optim     #pz    #pnz |
   550 5.153e-01 2.653e+04    56     5  5.715e-04 | 4.181e-04    56      5  |
   551 5.153e-01 2.656e+04    56     5  3.521e-04 | 2.844e-04    56      5  |
   552 5.153e-01 2.658e+04    56     5  7.966e-04 | 5.459e-04    57      4  |
   553 5.153e-01 2.661e+04    56     5  8.823e-04 | 5.901e-04    57      4  |
   554 5.153e-01 2.663e+04    56     5  3.632e-04 | 2.928e-04    56      5  |
   555 5.153e-01 2.665e+04    56     5  3.623e-04 | 2.960e-04    56      5  |
   556 5.153e-01 2.668e+04    56     5  9.476e-04 | 6.400e-04    57      4  |
   557 5.153e-01 2.670e+04    56     5  4.931e-04 | 3.778e-04    56      5  |
   558 5.153e-01 2.673e+04    56     5  4.228e-04 | 3.318e-04    56      5  |
   559 5.153e-01 2.675e+04    56     5  3.516e-04 | 2.876e-04    56      5  |
   560 5.153e-01 2.677e+04    56     5  3.217e-04 | 1.359e-04    57      4  |
   561 5.153e-01 2.680e+04    56     5  1.942e-04 | 1.710e-04    56      5  |
   562 5.153e-01 2.682e+04    56     5  2.492e-04 | 1.043e-04    57      4  |
   563 5.153e-01 2.684e+04    56     5  5.660e-04 | 4.112e-04    56      5  |
   564 5.153e-01 2.687e+04    56     5  3.746e-04 | 2.908e-04    56      5  |
   565 5.153e-01 2.689e+04    56     5  2.082e-04 | 1.548e-04    56      5  |
   566 5.153e-01 2.692e+04    56     5  2.981e-04 | 1.038e-04    57      4  |
   567 5.153e-01 2.694e+04    56     5  2.998e-04 | 1.034e-04    57      4  |
   568 5.153e-01 2.696e+04    56     5  3.446e-04 | 2.534e-04    56      5  |
   569 5.153e-01 2.699e+04    56     5  3.319e-04 | 2.463e-04    56      5  |
   570 5.153e-01 2.701e+04    56     5  3.411e-04 | 1.244e-04    57      4  |
   571 5.153e-01 2.703e+04    56     5  3.343e-04 | 2.541e-04    56      5  |
   572 5.153e-01 2.706e+04    56     5  7.459e-04 | 5.109e-04    57      4  |
   573 5.153e-01 2.708e+04    56     5  2.116e-04 | 1.473e-04    56      5  |
   574 5.153e-01 2.711e+04    56     5  2.479e-04 | 1.007e-04    57      4  |
   575 5.153e-01 2.713e+04    56     5  2.394e-04 | 1.952e-04    56      5  |
   576 5.153e-01 2.715e+04    56     5  1.860e-04 | 1.503e-04    56      5  |
   577 5.153e-01 2.718e+04    56     5  2.160e-04 | 1.757e-04    56      5  |
   578 5.153e-01 2.720e+04    56     5  8.210e-04 | 3.176e-04    59      2  |
   579 5.153e-01 2.722e+04    56     5  4.108e-04 | 1.736e-04    57      4  |
   580 5.153e-01 2.725e+04    56     5  9.408e-04 | 3.569e-04    59      2  |
   581 5.153e-01 2.727e+04    56     5  4.374e-04 | 2.042e-04    58      3  |
   582 5.153e-01 2.729e+04    56     5  1.925e-04 | 1.130e-04    56      5  |
   583 5.153e-01 2.732e+04    56     5  5.312e-04 | 3.852e-04    56      5  |
   584 5.153e-01 2.734e+04    56     5  2.219e-04 | 9.817e-05    57      4  |
   585 5.153e-01 2.736e+04    56     5  4.392e-04 | 1.838e-04    58      3  |
   586 5.153e-01 2.739e+04    56     5  3.040e-04 | 1.239e-04    57      4  |
   587 5.153e-01 2.741e+04    56     5  9.812e-04 | 3.560e-04    59      2  |
   588 5.153e-01 2.743e+04    56     5  4.036e-04 | 1.653e-04    57      4  |
   589 5.153e-01 2.746e+04    56     5  2.064e-04 | 1.482e-04    56      5  |
   590 5.153e-01 2.748e+04    56     5  5.532e-04 | 2.251e-04    58      3  |
   591 5.153e-01 2.750e+04    56     5  9.439e-04 | 3.475e-04    59      2  |
   592 5.153e-01 2.753e+04    56     5  4.118e-04 | 1.701e-04    57      4  |
   593 5.153e-01 2.755e+04    56     5  2.556e-04 | 1.016e-04    57      4  |
   594 5.153e-01 2.757e+04    56     5  3.227e-04 | 1.294e-04    57      4  |
   595 5.153e-01 2.760e+04    56     5  2.441e-04 | 1.891e-04    56      5  |
   596 5.153e-01 2.762e+04    56     5  2.630e-04 | 2.121e-04    56      5  |
   597 5.153e-01 2.764e+04    56     5  7.135e-04 | 4.914e-04    57      4  |
   598 5.153e-01 2.767e+04    56     5  2.899e-04 | 1.020e-04    57      4  |
   599 5.153e-01 2.769e+04    56     5  3.135e-04 | 1.095e-04    57      4  |
 Epoch.   Obj.    alphak      #z   #nz   |egradf| |   optim     #pz    #pnz |
   600 5.153e-01 2.771e+04    56     5  1.998e-04 | 1.035e-04    57      4  |
   601 5.153e-01 2.774e+04    56     5  2.805e-04 | 1.147e-04    57      4  |
   602 5.153e-01 2.776e+04    56     5  1.912e-04 | 1.087e-04    57      4  |
   603 5.153e-01 2.778e+04    56     5  1.963e-04 | 1.409e-04    56      5  |
   604 5.153e-01 2.781e+04    56     5  2.077e-04 | 1.506e-04    56      5  |
   605 5.153e-01 2.783e+04    56     5  2.596e-04 | 2.007e-04    56      5  |
   606 5.153e-01 2.785e+04    56     5  2.128e-04 | 9.877e-05    57      4  |
   607 5.153e-01 2.787e+04    56     5  2.378e-04 | 1.958e-04    56      5  |
   608 5.153e-01 2.790e+04    56     5  6.266e-04 | 2.553e-04    58      3  |
   609 5.153e-01 2.792e+04    56     5  7.938e-04 | 5.408e-04    57      4  |
   610 5.153e-01 2.794e+04    56     5  9.803e-04 | 6.378e-04    57      4  |
   611 5.153e-01 2.797e+04    56     5  2.535e-04 | 1.985e-04    56      5  |
   612 5.153e-01 2.799e+04    56     5  1.801e-04 | 1.144e-04    57      4  |
   613 5.153e-01 2.801e+04    56     5  1.565e-03 | 9.486e-04    57      4  |
   614 5.153e-01 2.803e+04    56     5  6.620e-04 | 4.657e-04    56      5  |
   615 5.153e-01 2.806e+04    56     5  5.841e-04 | 2.424e-04    58      3  |
   616 5.153e-01 2.808e+04    56     5  2.159e-04 | 1.161e-04    57      4  |
   617 5.153e-01 2.810e+04    56     5  5.524e-04 | 2.369e-04    58      3  |
   618 5.153e-01 2.813e+04    56     5  1.119e-03 | 7.118e-04    57      4  |
   619 5.153e-01 2.815e+04    56     5  3.913e-04 | 2.997e-04    56      5  |
   620 5.153e-01 2.817e+04    56     5  3.811e-04 | 1.620e-04    57      4  |
   621 5.153e-01 2.819e+04    56     5  1.749e-04 | 1.312e-04    56      5  |
   622 5.153e-01 2.822e+04    56     5  2.129e-04 | 1.016e-04    57      4  |
   623 5.153e-01 2.824e+04    56     5  5.170e-04 | 3.764e-04    56      5  |
   624 5.153e-01 2.826e+04    56     5  7.393e-04 | 5.026e-04    57      4  |
   625 5.153e-01 2.828e+04    56     5  6.958e-04 | 4.819e-04    57      4  |
   626 5.153e-01 2.831e+04    56     5  4.699e-04 | 3.448e-04    56      5  |
   627 5.153e-01 2.833e+04    56     5  2.705e-04 | 2.179e-04    56      5  |
   628 5.153e-01 2.835e+04    56     5  4.484e-04 | 1.973e-04    58      3  |
   629 5.153e-01 2.837e+04    56     5  3.479e-04 | 2.842e-04    56      5  |
   630 5.153e-01 2.840e+04    56     5  2.212e-04 | 1.899e-04    56      5  |
   631 5.153e-01 2.842e+04    56     5  1.763e-04 | 1.142e-04    57      4  |
   632 5.153e-01 2.844e+04    56     5  4.635e-04 | 3.458e-04    56      5  |
   633 5.153e-01 2.846e+04    56     5  2.303e-04 | 1.946e-04    56      5  |
   634 5.153e-01 2.849e+04    56     5  1.068e-03 | 6.806e-04    57      4  |
   635 5.153e-01 2.851e+04    56     5  2.349e-04 | 1.818e-04    56      5  |
   636 5.153e-01 2.853e+04    56     5  1.007e-03 | 3.573e-04    59      2  |
   637 5.153e-01 2.855e+04    56     5  7.055e-04 | 4.792e-04    57      4  |
   638 5.153e-01 2.858e+04    56     5  8.761e-04 | 5.645e-04    57      4  |
   639 5.153e-01 2.860e+04    56     5  5.817e-04 | 4.005e-04    56      5  |
   640 5.153e-01 2.862e+04    56     5  4.382e-04 | 1.719e-04    58      3  |
   641 5.153e-01 2.864e+04    56     5  1.948e-04 | 1.275e-04    56      5  |
   642 5.153e-01 2.867e+04    56     5  6.075e-04 | 4.244e-04    56      5  |
   643 5.153e-01 2.869e+04    56     5  2.531e-04 | 9.759e-05    57      4  |
   644 5.153e-01 2.871e+04    56     5  2.342e-04 | 1.789e-04    56      5  |
   645 5.153e-01 2.873e+04    56     5  2.994e-04 | 2.326e-04    56      5  |
   646 5.153e-01 2.876e+04    56     5  1.851e-04 | 1.270e-04    56      5  |
   647 5.153e-01 2.878e+04    56     5  3.777e-04 | 1.501e-04    57      4  |
   648 5.153e-01 2.880e+04    56     5  1.976e-04 | 1.188e-04    56      5  |
   649 5.153e-01 2.882e+04    56     5  5.104e-04 | 3.622e-04    56      5  |
 Epoch.   Obj.    alphak      #z   #nz   |egradf| |   optim     #pz    #pnz |
   650 5.153e-01 2.884e+04    56     5  3.996e-04 | 1.608e-04    57      4  |
   651 5.153e-01 2.887e+04    56     5  4.387e-04 | 3.194e-04    56      5  |
   652 5.153e-01 2.889e+04    56     5  1.902e-04 | 1.085e-04    56      5  |
   653 5.153e-01 2.891e+04    56     5  2.912e-04 | 1.127e-04    57      4  |
   654 5.153e-01 2.893e+04    56     5  2.734e-04 | 1.046e-04    57      4  |
   655 5.153e-01 2.896e+04    56     5  3.541e-04 | 2.661e-04    56      5  |
   656 5.153e-01 2.898e+04    56     5  1.133e-03 | 4.043e-04    59      2  |
   657 5.153e-01 2.900e+04    56     5  7.987e-04 | 3.105e-04    59      2  |
   658 5.153e-01 2.902e+04    56     5  2.167e-04 | 1.715e-04    56      5  |
   659 5.153e-01 2.904e+04    56     5  1.986e-04 | 1.073e-04    56      5  |
   660 5.153e-01 2.907e+04    57     4  6.137e-04 | 4.380e-04    56      5  |
   661 5.153e-01 2.909e+04    56     5  1.707e-04 | 1.173e-04    56      5  |
   662 5.153e-01 2.911e+04    56     5  1.969e-04 | 1.185e-04    56      5  |
   663 5.153e-01 2.913e+04    56     5  5.710e-04 | 2.490e-04    58      3  |
   664 5.153e-01 2.915e+04    56     5  1.731e-04 | 1.157e-04    56      5  |
   665 5.153e-01 2.918e+04    56     5  9.068e-04 | 3.412e-04    59      2  |
   666 5.153e-01 2.920e+04    56     5  5.672e-04 | 2.385e-04    58      3  |
   667 5.153e-01 2.922e+04    56     5  3.583e-04 | 1.619e-04    57      4  |
   668 5.153e-01 2.924e+04    56     5  2.705e-04 | 2.316e-04    56      5  |
   669 5.153e-01 2.926e+04    56     5  2.608e-04 | 2.185e-04    56      5  |
   670 5.153e-01 2.928e+04    56     5  2.055e-04 | 9.817e-05    57      4  |
   671 5.153e-01 2.931e+04    56     5  1.690e-04 | 1.444e-04    56      5  |
   672 5.153e-01 2.933e+04    56     5  2.971e-04 | 1.290e-04    57      4  |
   673 5.153e-01 2.935e+04    56     5  3.912e-04 | 1.744e-04    58      3  |
   674 5.153e-01 2.937e+04    56     5  7.048e-04 | 2.834e-04    59      2  |
   675 5.153e-01 2.939e+04    56     5  2.700e-04 | 1.145e-04    57      4  |
   676 5.153e-01 2.942e+04    56     5  1.857e-04 | 1.423e-04    56      5  |
   677 5.153e-01 2.944e+04    56     5  1.557e-03 | 9.360e-04    57      4  |
   678 5.153e-01 2.946e+04    56     5  4.380e-04 | 3.216e-04    56      5  |
   679 5.153e-01 2.948e+04    57     4  9.290e-04 | 6.024e-04    57      4  |
   680 5.153e-01 2.950e+04    56     5  1.866e-04 | 1.095e-04    56      5  |
   681 5.153e-01 2.952e+04    56     5  1.006e-03 | 6.424e-04    57      4  |
   682 5.153e-01 2.955e+04    56     5  5.431e-04 | 3.823e-04    56      5  |
   683 5.153e-01 2.957e+04    56     5  9.147e-04 | 5.879e-04    57      4  |
   684 5.153e-01 2.959e+04    56     5  4.812e-04 | 3.381e-04    56      5  |
   685 5.153e-01 2.961e+04    56     5  2.959e-04 | 9.761e-05    57      4  |
   686 5.153e-01 2.963e+04    56     5  5.973e-04 | 4.113e-04    56      5  |
   687 5.153e-01 2.965e+04    56     5  1.830e-04 | 1.048e-04    56      5  |
   688 5.153e-01 2.968e+04    56     5  6.929e-04 | 4.748e-04    57      4  |
   689 5.153e-01 2.970e+04    56     5  5.438e-04 | 3.883e-04    56      5  |
   690 5.153e-01 2.972e+04    56     5  2.540e-04 | 1.055e-04    57      4  |
   691 5.153e-01 2.974e+04    56     5  2.512e-04 | 9.636e-05    57      4  |
   692 5.153e-01 2.976e+04    56     5  5.299e-04 | 3.815e-04    56      5  |
   693 5.153e-01 2.978e+04    56     5  2.922e-04 | 1.092e-04    57      4  |
   694 5.153e-01 2.980e+04    56     5  2.566e-04 | 1.122e-04    57      4  |
   695 5.153e-01 2.983e+04    56     5  1.567e-04 | 1.176e-04    56      5  |
   696 5.153e-01 2.985e+04    56     5  2.539e-04 | 1.167e-04    57      4  |
   697 5.153e-01 2.987e+04    56     5  6.713e-04 | 2.860e-04    59      2  |
   698 5.153e-01 2.989e+04    56     5  4.309e-04 | 3.325e-04    56      5  |
   699 5.153e-01 2.991e+04    56     5  2.459e-04 | 1.221e-04    57      4  |
 Epoch.   Obj.    alphak      #z   #nz   |egradf| |   optim     #pz    #pnz |
   700 5.153e-01 2.993e+04    56     5  5.497e-04 | 2.327e-04    58      3  |
   701 5.153e-01 2.995e+04    56     5  4.858e-04 | 2.087e-04    58      3  |
   702 5.153e-01 2.998e+04    56     5  7.114e-04 | 2.866e-04    59      2  |
   703 5.153e-01 3.000e+04    56     5  1.601e-04 | 1.169e-04    56      5  |
   704 5.153e-01 3.002e+04    56     5  1.987e-04 | 1.073e-04    57      4  |
   705 5.153e-01 3.004e+04    56     5  3.958e-04 | 3.092e-04    56      5  |
   706 5.153e-01 3.006e+04    56     5  4.647e-04 | 3.496e-04    56      5  |
   707 5.153e-01 3.008e+04    56     5  8.223e-04 | 5.479e-04    57      4  |
   708 5.153e-01 3.010e+04    56     5  4.600e-04 | 3.406e-04    56      5  |
   709 5.153e-01 3.013e+04    56     5  2.543e-04 | 2.168e-04    56      5  |
   710 5.153e-01 3.015e+04    56     5  3.619e-04 | 2.801e-04    56      5  |
   711 5.153e-01 3.017e+04    56     5  5.466e-04 | 2.261e-04    58      3  |
   712 5.153e-01 3.019e+04    56     5  1.889e-04 | 1.603e-04    56      5  |
   713 5.153e-01 3.021e+04    56     5  4.651e-04 | 3.399e-04    56      5  |
   714 5.153e-01 3.023e+04    56     5  1.068e-03 | 6.847e-04    57      4  |
   715 5.153e-01 3.025e+04    56     5  1.671e-04 | 1.577e-04    56      5  |
   716 5.153e-01 3.027e+04    56     5  2.046e-04 | 1.114e-04    57      4  |
   717 5.153e-01 3.029e+04    56     5  1.490e-04 | 1.281e-04    56      5  |
   718 5.153e-01 3.032e+04    56     5  4.311e-04 | 3.263e-04    56      5  |
   719 5.153e-01 3.034e+04    56     5  8.202e-04 | 3.122e-04    59      2  |
   720 5.153e-01 3.036e+04    56     5  2.307e-04 | 1.146e-04    57      4  |
   721 5.153e-01 3.038e+04    56     5  3.002e-04 | 2.514e-04    56      5  |
   722 5.153e-01 3.040e+04    56     5  2.045e-04 | 1.802e-04    56      5  |
   723 5.153e-01 3.042e+04    56     5  3.083e-04 | 1.411e-04    57      4  |
   724 5.153e-01 3.044e+04    56     5  5.602e-04 | 4.077e-04    56      5  |
   725 5.153e-01 3.046e+04    56     5  2.014e-04 | 1.795e-04    56      5  |
   726 5.153e-01 3.048e+04    56     5  2.259e-04 | 1.925e-04    56      5  |
   727 5.153e-01 3.051e+04    56     5  3.099e-04 | 2.315e-04    56      5  |
   728 5.153e-01 3.053e+04    56     5  2.077e-04 | 1.491e-04    56      5  |
   729 5.153e-01 3.055e+04    56     5  5.482e-04 | 3.849e-04    56      5  |
   730 5.153e-01 3.057e+04    56     5  5.760e-04 | 4.017e-04    56      5  |
   731 5.153e-01 3.059e+04    56     5  2.550e-04 | 1.867e-04    56      5  |
   732 5.153e-01 3.061e+04    56     5  1.882e-04 | 8.707e-05    57      4  |
   733 5.153e-01 3.063e+04    56     5  5.097e-04 | 2.022e-04    58      3  |
   734 5.153e-01 3.065e+04    56     5  1.942e-04 | 1.418e-04    56      5  |
   735 5.153e-01 3.067e+04    56     5  1.907e-04 | 1.345e-04    56      5  |
   736 5.153e-01 3.069e+04    56     5  3.106e-04 | 1.157e-04    57      4  |
   737 5.153e-01 3.071e+04    56     5  1.881e-04 | 8.728e-05    57      4  |
   738 5.153e-01 3.074e+04    56     5  1.824e-04 | 9.108e-05    57      4  |
   739 5.153e-01 3.076e+04    56     5  2.893e-04 | 1.094e-04    57      4  |
   740 5.153e-01 3.078e+04    56     5  1.011e-03 | 6.314e-04    57      4  |
   741 5.153e-01 3.080e+04    56     5  1.935e-04 | 8.161e-05    57      4  |
   742 5.153e-01 3.082e+04    56     5  4.499e-04 | 3.243e-04    56      5  |
   743 5.153e-01 3.084e+04    56     5  7.116e-04 | 2.732e-04    59      2  |
   744 5.153e-01 3.086e+04    56     5  3.652e-04 | 2.671e-04    56      5  |
   745 5.153e-01 3.088e+04    56     5  2.025e-04 | 1.353e-04    56      5  |
   746 5.153e-01 3.090e+04    56     5  2.147e-04 | 7.325e-05    57      4  |
   747 5.153e-01 3.092e+04    56     5  4.154e-04 | 3.040e-04    56      5  |
   748 5.153e-01 3.094e+04    56     5  2.370e-04 | 1.766e-04    56      5  |
   749 5.153e-01 3.096e+04    56     5  4.276e-04 | 3.046e-04    56      5  |
 Epoch.   Obj.    alphak      #z   #nz   |egradf| |   optim     #pz    #pnz |
   750 5.153e-01 3.098e+04    56     5  3.958e-04 | 2.885e-04    56      5  |
   751 5.153e-01 3.100e+04    56     5  2.086e-04 | 1.738e-04    56      5  |
   752 5.153e-01 3.103e+04    56     5  1.853e-04 | 8.762e-05    57      4  |
   753 5.153e-01 3.105e+04    56     5  5.787e-04 | 4.070e-04    56      5  |
   754 5.153e-01 3.107e+04    56     5  1.793e-04 | 9.184e-05    57      4  |
   755 5.153e-01 3.109e+04    56     5  1.695e-04 | 1.525e-04    56      5  |
   756 5.153e-01 3.111e+04    56     5  4.289e-04 | 1.830e-04    58      3  |
   757 5.153e-01 3.113e+04    56     5  1.462e-04 | 1.293e-04    56      5  |
   758 5.153e-01 3.115e+04    56     5  3.266e-04 | 2.673e-04    56      5  |
   759 5.153e-01 3.117e+04    56     5  1.390e-04 | 1.238e-04    56      5  |
   760 5.153e-01 3.119e+04    56     5  5.672e-04 | 2.424e-04    58      3  |
   761 5.153e-01 3.121e+04    56     5  7.102e-04 | 2.882e-04    59      2  |
   762 5.153e-01 3.123e+04    56     5  2.512e-04 | 1.196e-04    57      4  |
   763 5.153e-01 3.125e+04    56     5  1.726e-04 | 1.560e-04    56      5  |
   764 5.153e-01 3.127e+04    56     5  9.725e-04 | 6.313e-04    57      4  |
   765 5.153e-01 3.129e+04    56     5  2.822e-04 | 2.385e-04    56      5  |
   766 5.153e-01 3.131e+04    56     5  3.920e-04 | 1.660e-04    58      3  |
   767 5.153e-01 3.133e+04    56     5  3.104e-04 | 1.300e-04    57      4  |
   768 5.153e-01 3.135e+04    56     5  6.402e-04 | 2.539e-04    59      2  |
   769 5.153e-01 3.137e+04    56     5  6.068e-04 | 2.452e-04    58      3  |
   770 5.153e-01 3.139e+04    56     5  7.228e-04 | 2.793e-04    59      2  |
   771 5.153e-01 3.141e+04    56     5  8.545e-04 | 3.098e-04    59      2  |
   772 5.153e-01 3.144e+04    56     5  3.597e-04 | 1.434e-04    57      4  |
   773 5.153e-01 3.146e+04    56     5  2.386e-04 | 8.547e-05    57      4  |
   774 5.153e-01 3.148e+04    56     5  4.342e-04 | 3.184e-04    56      5  |
   775 5.153e-01 3.150e+04    56     5  1.509e-03 | 9.066e-04    57      4  |
   776 5.153e-01 3.152e+04    56     5  4.138e-04 | 3.056e-04    56      5  |
   777 5.153e-01 3.154e+04    56     5  2.652e-04 | 2.178e-04    56      5  |
   778 5.153e-01 3.156e+04    56     5  6.762e-04 | 2.746e-04    59      2  |
   779 5.153e-01 3.158e+04    56     5  6.651e-04 | 2.722e-04    59      2  |
   780 5.153e-01 3.160e+04    56     5  2.495e-04 | 1.202e-04    57      4  |
   781 5.153e-01 3.162e+04    56     5  4.482e-04 | 3.330e-04    56      5  |
   782 5.153e-01 3.164e+04    56     5  2.330e-04 | 9.788e-05    57      4  |
   783 5.153e-01 3.166e+04    56     5  2.653e-04 | 1.169e-04    57      4  |
   784 5.153e-01 3.168e+04    56     5  3.132e-04 | 1.383e-04    57      4  |
   785 5.153e-01 3.170e+04    56     5  8.641e-04 | 3.193e-04    59      2  |
   786 5.153e-01 3.172e+04    56     5  9.495e-04 | 3.443e-04    59      2  |
   787 5.153e-01 3.174e+04    56     5  7.676e-04 | 2.979e-04    59      2  |
   788 5.153e-01 3.176e+04    56     5  5.243e-04 | 2.182e-04    58      3  |
   789 5.153e-01 3.178e+04    56     5  1.547e-04 | 1.019e-04    57      4  |
   790 5.153e-01 3.180e+04    56     5  2.905e-04 | 1.226e-04    57      4  |
   791 5.153e-01 3.182e+04    56     5  4.079e-04 | 3.085e-04    56      5  |
   792 5.153e-01 3.184e+04    56     5  1.579e-04 | 9.931e-05    57      4  |
   793 5.153e-01 3.186e+04    56     5  2.181e-04 | 1.767e-04    56      5  |
   794 5.153e-01 3.188e+04    56     5  3.841e-04 | 1.599e-04    58      3  |
   795 5.153e-01 3.190e+04    56     5  3.928e-04 | 3.012e-04    56      5  |
   796 5.153e-01 3.192e+04    56     5  2.685e-04 | 2.221e-04    56      5  |
   797 5.153e-01 3.194e+04    56     5  1.531e-04 | 1.194e-04    57      4  |
   798 5.153e-01 3.196e+04    56     5  2.302e-04 | 1.956e-04    56      5  |
   799 5.153e-01 3.198e+04    56     5  4.116e-04 | 1.786e-04    58      3  |
 Epoch.   Obj.    alphak      #z   #nz   |egradf| |   optim     #pz    #pnz |
   800 5.153e-01 3.200e+04    56     5  2.592e-04 | 1.118e-04    57      4  |
   801 5.153e-01 3.202e+04    56     5  6.241e-04 | 2.537e-04    59      2  |
   802 5.153e-01 3.204e+04    56     5  2.413e-04 | 1.931e-04    56      5  |
   803 5.153e-01 3.206e+04    56     5  2.028e-04 | 9.017e-05    57      4  |
   804 5.153e-01 3.208e+04    56     5  4.509e-04 | 1.876e-04    58      3  |
   805 5.153e-01 3.210e+04    56     5  6.013e-04 | 2.511e-04    58      3  |
   806 5.153e-01 3.212e+04    56     5  7.191e-04 | 2.839e-04    59      2  |
   807 5.153e-01 3.214e+04    56     5  8.228e-04 | 3.085e-04    59      2  |
   808 5.153e-01 3.216e+04    56     5  5.843e-04 | 2.541e-04    58      3  |
   809 5.153e-01 3.218e+04    57     4  1.488e-04 | 1.342e-04    56      5  |
   810 5.153e-01 3.220e+04    57     4  7.379e-04 | 4.955e-04    57      4  |
   811 5.153e-01 3.222e+04    56     5  1.769e-04 | 8.997e-05    56      5  |
   812 5.153e-01 3.224e+04    56     5  4.363e-04 | 1.889e-04    58      3  |
   813 5.153e-01 3.226e+04    57     4  5.231e-04 | 3.755e-04    56      5  |
   814 5.153e-01 3.228e+04    57     4  8.335e-04 | 5.488e-04    57      4  |
   815 5.153e-01 3.230e+04    57     4  1.581e-04 | 1.257e-04    56      5  |
   816 5.153e-01 3.232e+04    56     5  1.659e-04 | 1.004e-04    56      5  |
   817 5.153e-01 3.234e+04    57     4  4.113e-04 | 3.060e-04    56      5  |
   818 5.153e-01 3.236e+04    56     5  2.862e-04 | 2.244e-04    56      5  |
   819 5.153e-01 3.238e+04    56     5  1.416e-04 | 1.197e-04    56      5  |
   820 5.153e-01 3.240e+04    56     5  4.998e-04 | 3.624e-04    56      5  |
   821 5.153e-01 3.242e+04    56     5  4.089e-04 | 3.056e-04    56      5  |
   822 5.153e-01 3.244e+04    56     5  5.564e-04 | 3.935e-04    56      5  |
   823 5.153e-01 3.246e+04    56     5  1.566e-04 | 9.993e-05    56      5  |
   824 5.153e-01 3.248e+04    56     5  4.420e-04 | 1.942e-04    58      3  |
   825 5.153e-01 3.250e+04    57     4  4.934e-04 | 3.557e-04    56      5  |
   826 5.153e-01 3.252e+04    56     5  2.152e-04 | 1.005e-04    57      4  |
   827 5.153e-01 3.254e+04    57     4  8.212e-04 | 5.405e-04    57      4  |
   828 5.153e-01 3.256e+04    57     4  5.317e-04 | 2.300e-04    58      3  |
   829 5.153e-01 3.257e+04    57     4  3.984e-04 | 1.801e-04    58      3  |
   830 5.153e-01 3.259e+04    57     4  3.051e-04 | 1.377e-04    57      4  |
   831 5.153e-01 3.261e+04    57     4  3.864e-04 | 2.875e-04    56      5  |
   832 5.153e-01 3.263e+04    57     4  3.501e-04 | 2.615e-04    56      5  |
   833 5.153e-01 3.265e+04    57     4  3.787e-04 | 2.743e-04    56      5  |
   834 5.153e-01 3.267e+04    57     4  2.821e-04 | 1.160e-04    57      4  |
   835 5.153e-01 3.269e+04    57     4  1.564e-04 | 1.138e-04    56      5  |
   836 5.153e-01 3.271e+04    57     4  4.304e-04 | 1.868e-04    58      3  |
   837 5.153e-01 3.273e+04    57     4  6.548e-04 | 2.691e-04    59      2  |
   838 5.153e-01 3.275e+04    57     4  4.352e-04 | 3.252e-04    56      5  |
   839 5.153e-01 3.277e+04    57     4  2.507e-04 | 2.135e-04    56      5  |
   840 5.153e-01 3.279e+04    57     4  2.072e-04 | 1.051e-04    57      4  |
   841 5.153e-01 3.281e+04    57     4  2.295e-04 | 1.943e-04    56      5  |
   842 5.153e-01 3.283e+04    57     4  4.244e-04 | 1.879e-04    58      3  |
   843 5.153e-01 3.285e+04    57     4  2.400e-04 | 1.909e-04    56      5  |
   844 5.153e-01 3.287e+04    56     5  2.025e-04 | 8.492e-05    57      4  |
   845 5.153e-01 3.289e+04    56     5  1.615e-04 | 1.002e-04    56      5  |
   846 5.153e-01 3.291e+04    56     5  5.620e-04 | 2.250e-04    58      3  |
   847 5.153e-01 3.293e+04    56     5  5.297e-04 | 2.187e-04    58      3  |
   848 5.153e-01 3.295e+04    56     5  8.135e-04 | 2.942e-04    59      2  |
   849 5.153e-01 3.297e+04    56     5  6.615e-04 | 2.593e-04    59      2  |
 Epoch.   Obj.    alphak      #z   #nz   |egradf| |   optim     #pz    #pnz |
   850 5.153e-01 3.298e+04    56     5  3.398e-04 | 1.487e-04    57      4  |
   851 5.153e-01 3.300e+04    56     5  2.088e-04 | 9.031e-05    57      4  |
   852 5.153e-01 3.302e+04    56     5  5.217e-04 | 2.156e-04    58      3  |
   853 5.153e-01 3.304e+04    56     5  4.922e-04 | 2.088e-04    58      3  |
   854 5.153e-01 3.306e+04    57     4  2.249e-04 | 1.919e-04    56      5  |
   855 5.153e-01 3.308e+04    57     4  1.489e-04 | 1.197e-04    56      5  |
   856 5.153e-01 3.310e+04    57     4  6.995e-04 | 4.695e-04    57      4  |
   857 5.153e-01 3.312e+04    57     4  1.144e-03 | 6.986e-04    57      4  |
   858 5.153e-01 3.314e+04    57     4  1.009e-03 | 6.263e-04    57      4  |
   859 5.153e-01 3.316e+04    56     5  4.477e-04 | 3.183e-04    56      5  |
   860 5.153e-01 3.318e+04    57     4  1.109e-03 | 6.821e-04    57      4  |
   861 5.153e-01 3.320e+04    57     4  5.779e-04 | 4.017e-04    56      5  |
   862 5.153e-01 3.322e+04    56     5  1.608e-04 | 1.264e-04    56      5  |
   863 5.153e-01 3.324e+04    57     4  1.575e-04 | 9.772e-05    56      5  |
   864 5.153e-01 3.326e+04    57     4  9.268e-04 | 5.859e-04    57      4  |
   865 5.153e-01 3.327e+04    56     5  1.589e-04 | 9.897e-05    56      5  |
   866 5.153e-01 3.329e+04    56     5  7.336e-04 | 2.795e-04    59      2  |
   867 5.153e-01 3.331e+04    57     4  2.624e-04 | 2.133e-04    56      5  |
   868 5.153e-01 3.333e+04    56     5  5.971e-04 | 2.478e-04    59      2  |
   869 5.153e-01 3.335e+04    57     4  1.867e-04 | 9.818e-05    57      4  |
   870 5.153e-01 3.337e+04    57     4  3.791e-04 | 2.847e-04    56      5  |
   871 5.153e-01 3.339e+04    56     5  2.741e-04 | 1.110e-04    57      4  |
   872 5.153e-01 3.341e+04    56     5  2.764e-04 | 1.118e-04    57      4  |
   873 5.153e-01 3.343e+04    56     5  2.542e-04 | 1.001e-04    57      4  |
   874 5.153e-01 3.345e+04    56     5  1.710e-04 | 8.228e-05    57      4  |
   875 5.153e-01 3.347e+04    56     5  7.519e-04 | 2.736e-04    59      2  |
   876 5.153e-01 3.349e+04    56     5  3.145e-04 | 2.361e-04    56      5  |
   877 5.153e-01 3.350e+04    56     5  3.030e-04 | 1.207e-04    57      4  |
   878 5.153e-01 3.352e+04    56     5  2.577e-04 | 1.983e-04    56      5  |
   879 5.153e-01 3.354e+04    56     5  6.493e-04 | 2.509e-04    59      2  |
   880 5.153e-01 3.356e+04    56     5  2.400e-04 | 9.142e-05    57      4  |
   881 5.153e-01 3.358e+04    56     5  2.935e-04 | 1.177e-04    57      4  |
   882 5.153e-01 3.360e+04    56     5  1.847e-04 | 8.171e-05    57      4  |
   883 5.153e-01 3.362e+04    56     5  2.097e-04 | 8.215e-05    57      4  |
   884 5.153e-01 3.364e+04    56     5  4.649e-04 | 3.288e-04    56      5  |
   885 5.153e-01 3.366e+04    56     5  4.751e-04 | 1.917e-04    58      3  |
   886 5.153e-01 3.368e+04    56     5  9.348e-04 | 3.299e-04    59      2  |
   887 5.153e-01 3.370e+04    56     5  4.046e-04 | 1.753e-04    58      3  |
   888 5.153e-01 3.371e+04    56     5  1.454e-04 | 1.064e-04    56      5  |
   889 5.153e-01 3.373e+04    56     5  2.105e-04 | 9.111e-05    57      4  |
   890 5.153e-01 3.375e+04    56     5  8.980e-04 | 3.184e-04    59      2  |
   891 5.153e-01 3.377e+04    56     5  4.946e-04 | 2.100e-04    58      3  |
   892 5.153e-01 3.379e+04    56     5  3.120e-04 | 1.403e-04    57      4  |
   893 5.153e-01 3.381e+04    57     4  1.771e-04 | 1.536e-04    56      5  |
   894 5.153e-01 3.383e+04    56     5  3.571e-04 | 1.543e-04    58      3  |
   895 5.153e-01 3.385e+04    56     5  3.325e-04 | 1.412e-04    57      4  |
   896 5.153e-01 3.387e+04    56     5  2.801e-04 | 1.129e-04    57      4  |
   897 5.153e-01 3.388e+04    56     5  4.100e-04 | 3.006e-04    56      5  |
   898 5.153e-01 3.390e+04    56     5  1.912e-04 | 1.456e-04    56      5  |
   899 5.153e-01 3.392e+04    56     5  1.662e-04 | 9.230e-05    56      5  |
 Epoch.   Obj.    alphak      #z   #nz   |egradf| |   optim     #pz    #pnz |
   900 5.153e-01 3.394e+04    56     5  3.676e-04 | 1.407e-04    58      3  |
   901 5.153e-01 3.396e+04    56     5  1.726e-04 | 1.060e-04    56      5  |
   902 5.153e-01 3.398e+04    56     5  3.049e-04 | 1.113e-04    57      4  |
   903 5.153e-01 3.400e+04    56     5  4.055e-04 | 2.843e-04    56      5  |
   904 5.153e-01 3.402e+04    57     4  8.772e-04 | 5.529e-04    57      4  |
   905 5.153e-01 3.404e+04    56     5  3.706e-04 | 2.656e-04    56      5  |
   906 5.153e-01 3.405e+04    56     5  3.181e-04 | 1.147e-04    57      4  |
   907 5.153e-01 3.407e+04    57     4  5.428e-04 | 3.759e-04    56      5  |
   908 5.153e-01 3.409e+04    56     5  3.779e-04 | 2.720e-04    56      5  |
   909 5.153e-01 3.411e+04    57     4  4.312e-04 | 3.102e-04    56      5  |
   910 5.153e-01 3.413e+04    56     5  1.975e-04 | 1.555e-04    56      5  |
   911 5.153e-01 3.415e+04    56     5  2.397e-04 | 9.644e-05    57      4  |
   912 5.153e-01 3.417e+04    56     5  1.630e-04 | 1.090e-04    56      5  |
   913 5.153e-01 3.419e+04    56     5  5.736e-04 | 2.337e-04    59      2  |
   914 5.153e-01 3.420e+04    56     5  8.447e-04 | 3.052e-04    59      2  |
   915 5.153e-01 3.422e+04    56     5  7.602e-04 | 2.805e-04    59      2  |
   916 5.153e-01 3.424e+04    56     5  1.900e-04 | 8.170e-05    57      4  |
   917 5.153e-01 3.426e+04    57     4  6.744e-04 | 4.513e-04    57      4  |
   918 5.153e-01 3.428e+04    56     5  2.910e-04 | 1.174e-04    57      4  |
   919 5.153e-01 3.430e+04    56     5  2.367e-04 | 9.536e-05    57      4  |
   920 5.153e-01 3.432e+04    56     5  2.648e-04 | 1.054e-04    57      4  |
   921 5.153e-01 3.433e+04    57     4  4.829e-04 | 3.381e-04    56      5  |
   922 5.153e-01 3.435e+04    56     5  1.956e-04 | 7.322e-05    57      4  |
   923 5.153e-01 3.437e+04    56     5  4.004e-04 | 1.598e-04    58      3  |
   924 5.153e-01 3.439e+04    56     5  7.532e-04 | 2.748e-04    59      2  |
   925 5.153e-01 3.441e+04    56     5  4.907e-04 | 1.982e-04    58      3  |
   926 5.153e-01 3.443e+04    57     4  2.565e-04 | 1.048e-04    57      4  |
   927 5.153e-01 3.445e+04    57     4  1.604e-04 | 1.137e-04    56      5  |
   928 5.153e-01 3.447e+04    57     4  4.010e-04 | 2.877e-04    56      5  |
   929 5.153e-01 3.448e+04    57     4  6.250e-04 | 4.155e-04    57      4  |
   930 5.153e-01 3.450e+04    57     4  5.995e-04 | 4.030e-04    57      4  |
   931 5.153e-01 3.452e+04    57     4  4.294e-04 | 3.013e-04    56      5  |
   932 5.153e-01 3.454e+04    56     5  2.353e-04 | 7.326e-05    57      4  |
   933 5.153e-01 3.456e+04    56     5  1.859e-04 | 6.641e-05    57      4  |
   934 5.153e-01 3.458e+04    56     5  3.376e-04 | 1.260e-04    57      4  |
   935 5.153e-01 3.459e+04    56     5  5.518e-04 | 2.186e-04    59      2  |
   936 5.153e-01 3.461e+04    56     5  7.049e-04 | 2.577e-04    59      2  |
   937 5.153e-01 3.463e+04    56     5  3.093e-04 | 1.235e-04    57      4  |
   938 5.153e-01 3.465e+04    56     5  5.827e-04 | 2.341e-04    59      2  |
   939 5.153e-01 3.467e+04    57     4  2.107e-04 | 7.596e-05    57      4  |
   940 5.153e-01 3.469e+04    57     4  3.074e-04 | 2.244e-04    56      5  |
   941 5.153e-01 3.471e+04    57     4  3.096e-04 | 1.285e-04    57      4  |
   942 5.153e-01 3.472e+04    57     4  3.775e-04 | 2.753e-04    56      5  |
   943 5.153e-01 3.474e+04    57     4  3.013e-04 | 2.309e-04    56      5  |
   944 5.153e-01 3.476e+04    57     4  1.445e-04 | 1.023e-04    56      5  |
   945 5.153e-01 3.478e+04    57     4  6.126e-04 | 2.472e-04    59      2  |
   946 5.153e-01 3.480e+04    57     4  2.585e-04 | 1.113e-04    57      4  |
   947 5.153e-01 3.482e+04    57     4  5.313e-04 | 2.343e-04    58      3  |
   948 5.153e-01 3.483e+04    57     4  5.597e-04 | 2.430e-04    59      2  |
   949 5.153e-01 3.485e+04    57     4  1.782e-04 | 9.776e-05    57      4  |
 Epoch.   Obj.    alphak      #z   #nz   |egradf| |   optim     #pz    #pnz |
   950 5.153e-01 3.487e+04    57     4  7.158e-04 | 2.861e-04    59      2  |
   951 5.153e-01 3.489e+04    57     4  4.589e-04 | 2.043e-04    58      3  |
   952 5.153e-01 3.491e+04    57     4  6.115e-04 | 2.539e-04    59      2  |
   953 5.153e-01 3.493e+04    56     5  1.327e-03 | 4.430e-04    60      1  |
   954 5.153e-01 3.494e+04    57     4  6.282e-04 | 2.622e-04    59      2  |
   955 5.153e-01 3.496e+04    56     5  4.080e-04 | 1.890e-04    58      3  |
   956 5.153e-01 3.498e+04    56     5  9.286e-04 | 3.361e-04    59      2  |
   957 5.153e-01 3.500e+04    56     5  5.609e-04 | 2.385e-04    59      2  |
   958 5.153e-01 3.502e+04    56     5  2.575e-04 | 1.191e-04    57      4  |
   959 5.153e-01 3.504e+04    56     5  1.879e-04 | 1.698e-04    56      5  |
   960 5.153e-01 3.505e+04    56     5  1.518e-04 | 1.422e-04    56      5  |
   961 5.153e-01 3.507e+04    56     5  1.695e-04 | 9.716e-05    57      4  |
   962 5.153e-01 3.509e+04    56     5  6.325e-04 | 2.569e-04    59      2  |
   963 5.153e-01 3.511e+04    56     5  2.400e-04 | 1.122e-04    57      4  |
   964 5.153e-01 3.513e+04    56     5  1.610e-04 | 9.321e-05    57      4  |
   965 5.153e-01 3.515e+04    56     5  1.368e-04 | 1.111e-04    56      5  |
   966 5.153e-01 3.516e+04    56     5  2.307e-04 | 9.690e-05    57      4  |
   967 5.153e-01 3.518e+04    56     5  5.129e-04 | 2.179e-04    58      3  |
   968 5.153e-01 3.520e+04    57     4  2.284e-04 | 1.957e-04    56      5  |
   969 5.153e-01 3.522e+04    57     4  3.791e-04 | 2.900e-04    56      5  |
   970 5.153e-01 3.524e+04    57     4  1.368e-04 | 1.012e-04    56      5  |
   971 5.153e-01 3.525e+04    57     4  2.646e-04 | 2.214e-04    56      5  |
   972 5.153e-01 3.527e+04    56     5  4.094e-04 | 1.752e-04    58      3  |
   973 5.153e-01 3.529e+04    57     4  2.199e-04 | 1.865e-04    56      5  |
   974 5.153e-01 3.531e+04    57     4  1.352e-04 | 1.161e-04    56      5  |
   975 5.153e-01 3.533e+04    56     5  4.671e-04 | 3.358e-04    56      5  |
   976 5.153e-01 3.535e+04    56     5  3.068e-04 | 2.372e-04    56      5  |
   977 5.153e-01 3.536e+04    56     5  3.284e-04 | 2.465e-04    56      5  |
   978 5.153e-01 3.538e+04    56     5  4.048e-04 | 1.780e-04    58      3  |
   979 5.153e-01 3.540e+04    56     5  1.262e-04 | 1.043e-04    56      5  |
   980 5.153e-01 3.542e+04    56     5  3.482e-04 | 1.577e-04    58      3  |
   981 5.153e-01 3.544e+04    56     5  2.050e-04 | 9.943e-05    57      4  |
   982 5.153e-01 3.545e+04    57     4  3.374e-04 | 2.599e-04    56      5  |
   983 5.153e-01 3.547e+04    56     5  1.329e-04 | 1.087e-04    56      5  |
   984 5.153e-01 3.549e+04    56     5  1.526e-04 | 1.440e-04    56      5  |
   985 5.153e-01 3.551e+04    56     5  4.146e-04 | 1.775e-04    58      3  |
   986 5.153e-01 3.553e+04    56     5  2.128e-04 | 1.806e-04    56      5  |
   987 5.153e-01 3.554e+04    56     5  5.142e-04 | 2.128e-04    58      3  |
   988 5.153e-01 3.556e+04    56     5  1.759e-04 | 8.670e-05    57      4  |
   989 5.153e-01 3.558e+04    56     5  2.283e-04 | 1.889e-04    56      5  |
   990 5.153e-01 3.560e+04    56     5  2.180e-04 | 9.040e-05    57      4  |
   991 5.153e-01 3.562e+04    56     5  2.699e-04 | 1.116e-04    57      4  |
   992 5.153e-01 3.563e+04    56     5  2.040e-04 | 1.654e-04    56      5  |
   993 5.153e-01 3.565e+04    57     4  4.647e-04 | 3.302e-04    56      5  |
   994 5.153e-01 3.567e+04    56     5  1.748e-04 | 1.418e-04    56      5  |
   995 5.153e-01 3.569e+04    56     5  2.119e-04 | 1.692e-04    56      5  |
   996 5.153e-01 3.571e+04    56     5  1.843e-04 | 1.412e-04    56      5  |
   997 5.153e-01 3.572e+04    57     4  3.820e-04 | 2.770e-04    56      5  |
   998 5.153e-01 3.574e+04    57     4  3.795e-04 | 2.737e-04    56      5  |
   999 5.153e-01 3.576e+04    56     5  4.980e-04 | 3.451e-04    56      5  |
  1000 5.153e-01 3.578e+04    56     5  5.880e-04 | 3.956e-04    57      4  |

==============================
Exit: Iteration limit reached

Final Results
==============================
Epochs:1000
# Data pass:1000
CPU seconds:34.0451
# zero groups(best):56
# zero groups(end):56
Obj. F(best):5.152738e-01
Obj. F(end):5.152768e-01
Optim.(end):3.955632e-04
