
================================================================================
       Solver:RDA    Version: 0.1 (2023-05-02)  
================================================================================
Problem Summary: Excuted at 2023-05-04 11:55:08.180855
Dataset:.............................................a9a
Data Size:......................................n=32561, p=123
Loss Function:..................................Logistic
Regularizer:....................................Overlapping Group L1
Penalty Parameter:..............................lambda=0.0036
Number of groups:..............................14

Algorithm Parameters:
 Termination Conditions:
    accuracy: -1.0 | optim scaled: True | time limits:43200.0 | epoch limits:100
 Sampling Setups: batchsize: 256 | shuffle: True
 Proximal Stepsize update: increasing
 Compute Optimality measure: True
Inexact Proximal Solver:
 exact solve:False | ipg_strategy:diminishing | ipg_do_linesearch:True
 ipg_diminishing_c:1 | ipg_diminishing_delta:2
 ipg_linesearch_eta:0.0001 | ipg_linesearch_xi:0.8 | ipg_linesearch_beta:1.2
****************************************************************************************************
 Epoch.   Obj.    alphak      #z   #nz   |egradf| |   optim     #pz    #pnz |
     0 6.931e-01 1.000e+02    14     0  1.813e-01 | 1.487e-01     0     14  |
     1 5.092e-01 1.136e+03    12     2  3.319e-03 | 4.522e-03    12      2  |
     2 5.087e-01 1.603e+03    12     2  4.254e-03 | 2.696e-03    12      2  |
     3 5.086e-01 1.962e+03    12     2  5.947e-03 | 3.768e-03    12      2  |
     4 5.086e-01 2.265e+03    12     2  4.017e-03 | 2.641e-03    12      2  |
     5 5.088e-01 2.532e+03    12     2  6.612e-03 | 6.303e-03    12      2  |
     6 5.088e-01 2.773e+03    12     2  9.159e-03 | 5.417e-03    13      1  |
     7 5.084e-01 2.995e+03    12     2  1.322e-03 | 1.487e-03    12      2  |
     8 5.084e-01 3.202e+03    12     2  1.489e-03 | 1.192e-03    12      2  |
     9 5.084e-01 3.396e+03    12     2  1.490e-03 | 1.133e-03    12      2  |
    10 5.084e-01 3.579e+03    12     2  1.435e-03 | 1.205e-03    12      2  |
    11 5.084e-01 3.754e+03    12     2  2.694e-03 | 1.793e-03    12      2  |
    12 5.084e-01 3.920e+03    12     2  2.891e-03 | 3.006e-03    12      2  |
    13 5.084e-01 4.080e+03    12     2  1.678e-03 | 1.949e-03    12      2  |
    14 5.084e-01 4.234e+03    12     2  9.178e-04 | 1.033e-03    12      2  |
    15 5.083e-01 4.383e+03    12     2  1.477e-03 | 9.454e-04    12      2  |
    16 5.084e-01 4.527e+03    12     2  4.614e-03 | 2.870e-03    13      1  |
    17 5.084e-01 4.666e+03    12     2  1.202e-03 | 1.571e-03    12      2  |
    18 5.083e-01 4.801e+03    12     2  1.359e-03 | 8.686e-04    12      2  |
    19 5.083e-01 4.933e+03    12     2  1.308e-03 | 1.399e-03    12      2  |
    20 5.083e-01 5.061e+03    12     2  1.933e-03 | 1.248e-03    12      2  |
    21 5.083e-01 5.186e+03    12     2  1.114e-03 | 8.417e-04    12      2  |
    22 5.083e-01 5.308e+03    12     2  8.236e-04 | 1.184e-03    12      2  |
    23 5.083e-01 5.427e+03    12     2  1.179e-03 | 7.602e-04    12      2  |
    24 5.083e-01 5.543e+03    12     2  8.855e-04 | 1.020e-03    12      2  |
    25 5.083e-01 5.658e+03    12     2  2.753e-03 | 1.810e-03    13      1  |
    26 5.084e-01 5.770e+03    12     2  3.124e-03 | 3.111e-03    12      2  |
    27 5.083e-01 5.880e+03    12     2  1.666e-03 | 1.124e-03    12      2  |
    28 5.083e-01 5.987e+03    12     2  1.024e-03 | 7.289e-04    12      2  |
    29 5.083e-01 6.093e+03    12     2  1.130e-03 | 1.305e-03    12      2  |
    30 5.084e-01 6.198e+03    12     2  2.690e-03 | 2.665e-03    12      2  |
    31 5.083e-01 6.300e+03    12     2  1.781e-03 | 1.206e-03    12      2  |
    32 5.084e-01 6.401e+03    12     2  2.566e-03 | 2.554e-03    12      2  |
    33 5.083e-01 6.500e+03    12     2  8.183e-04 | 1.030e-03    12      2  |
    34 5.083e-01 6.598e+03    12     2  1.357e-03 | 1.539e-03    12      2  |
    35 5.083e-01 6.694e+03    12     2  6.955e-04 | 7.884e-04    12      2  |
    36 5.084e-01 6.789e+03    12     2  2.183e-03 | 2.221e-03    12      2  |
    37 5.083e-01 6.883e+03    12     2  1.418e-03 | 9.692e-04    12      2  |
    38 5.083e-01 6.975e+03    12     2  6.511e-04 | 1.019e-03    12      2  |
    39 5.083e-01 7.066e+03    12     2  1.017e-03 | 1.272e-03    12      2  |
    40 5.083e-01 7.156e+03    12     2  1.728e-03 | 1.884e-03    12      2  |
    41 5.083e-01 7.245e+03    12     2  7.806e-04 | 5.952e-04    12      2  |
    42 5.083e-01 7.333e+03    12     2  1.065e-03 | 7.200e-04    12      2  |
    43 5.083e-01 7.420e+03    12     2  7.687e-04 | 8.889e-04    12      2  |
    44 5.083e-01 7.505e+03    12     2  1.627e-03 | 1.258e-03    12      2  |
    45 5.084e-01 7.590e+03    12     2  2.132e-03 | 1.925e-03    12      2  |
    46 5.083e-01 7.674e+03    12     2  2.121e-03 | 1.348e-03    13      1  |
    47 5.083e-01 7.757e+03    12     2  1.096e-03 | 1.256e-03    12      2  |
    48 5.084e-01 7.839e+03    12     2  4.481e-03 | 1.690e-03    13      1  |
    49 5.083e-01 7.920e+03    12     2  4.435e-04 | 5.785e-04    12      2  |
 Epoch.   Obj.    alphak      #z   #nz   |egradf| |   optim     #pz    #pnz |
    50 5.083e-01 8.001e+03    12     2  4.316e-04 | 6.514e-04    12      2  |
    51 5.083e-01 8.080e+03    12     2  2.826e-03 | 1.347e-03    13      1  |
    52 5.083e-01 8.159e+03    12     2  4.354e-04 | 6.181e-04    12      2  |
    53 5.083e-01 8.237e+03    12     2  4.988e-04 | 7.079e-04    12      2  |
    54 5.083e-01 8.314e+03    12     2  2.016e-03 | 1.808e-03    12      2  |
    55 5.083e-01 8.391e+03    12     2  6.304e-04 | 5.005e-04    12      2  |
    56 5.083e-01 8.467e+03    12     2  4.613e-04 | 5.800e-04    12      2  |
    57 5.083e-01 8.542e+03    12     2  5.295e-04 | 6.732e-04    12      2  |
    58 5.083e-01 8.617e+03    12     2  4.888e-04 | 6.733e-04    12      2  |
    59 5.083e-01 8.691e+03    12     2  5.048e-04 | 6.318e-04    12      2  |
    60 5.083e-01 8.764e+03    12     2  5.642e-04 | 4.784e-04    12      2  |
    61 5.083e-01 8.837e+03    12     2  1.111e-03 | 7.196e-04    12      2  |
    62 5.083e-01 8.909e+03    12     2  6.438e-04 | 4.825e-04    12      2  |
    63 5.084e-01 8.981e+03    12     2  2.892e-03 | 2.242e-03    12      2  |
    64 5.083e-01 9.052e+03    12     2  7.508e-04 | 4.902e-04    12      2  |
    65 5.083e-01 9.122e+03    12     2  4.956e-04 | 4.635e-04    12      2  |
    66 5.083e-01 9.192e+03    12     2  2.249e-03 | 1.899e-03    12      2  |
    67 5.084e-01 9.261e+03    12     2  2.418e-03 | 1.972e-03    12      2  |
    68 5.083e-01 9.330e+03    12     2  1.219e-03 | 7.616e-04    12      2  |
    69 5.083e-01 9.398e+03    12     2  4.200e-04 | 6.146e-04    12      2  |
    70 5.083e-01 9.466e+03    12     2  1.618e-03 | 9.958e-04    13      1  |
    71 5.083e-01 9.534e+03    12     2  7.477e-04 | 9.519e-04    12      2  |
    72 5.083e-01 9.601e+03    12     2  1.270e-03 | 7.918e-04    12      2  |
    73 5.083e-01 9.667e+03    12     2  1.829e-03 | 1.055e-03    13      1  |
    74 5.083e-01 9.733e+03    12     2  6.688e-04 | 4.611e-04    12      2  |
    75 5.083e-01 9.798e+03    12     2  4.569e-04 | 6.030e-04    12      2  |
    76 5.083e-01 9.864e+03    12     2  7.791e-04 | 5.392e-04    12      2  |
    77 5.083e-01 9.928e+03    12     2  9.943e-04 | 1.149e-03    12      2  |
    78 5.083e-01 9.992e+03    12     2  9.314e-04 | 6.338e-04    12      2  |
    79 5.083e-01 1.006e+04    12     2  6.240e-04 | 4.098e-04    12      2  |
    80 5.083e-01 1.012e+04    12     2  5.877e-04 | 4.115e-04    12      2  |
    81 5.083e-01 1.018e+04    12     2  9.384e-04 | 1.057e-03    12      2  |
    82 5.083e-01 1.025e+04    12     2  1.278e-03 | 7.557e-04    12      2  |
    83 5.083e-01 1.031e+04    12     2  8.376e-04 | 9.509e-04    12      2  |
    84 5.083e-01 1.037e+04    12     2  1.245e-03 | 7.241e-04    12      2  |
    85 5.083e-01 1.043e+04    12     2  1.179e-03 | 6.877e-04    12      2  |
    86 5.083e-01 1.049e+04    12     2  1.556e-03 | 9.381e-04    13      1  |
    87 5.083e-01 1.055e+04    12     2  3.589e-04 | 4.682e-04    12      2  |
    88 5.083e-01 1.061e+04    12     2  5.081e-04 | 6.822e-04    12      2  |
    89 5.083e-01 1.067e+04    12     2  3.566e-04 | 4.755e-04    12      2  |
    90 5.083e-01 1.073e+04    12     2  7.669e-04 | 8.784e-04    12      2  |
    91 5.083e-01 1.079e+04    12     2  1.432e-03 | 8.093e-04    13      1  |
    92 5.083e-01 1.085e+04    12     2  1.534e-03 | 1.272e-03    12      2  |
    93 5.083e-01 1.091e+04    12     2  7.302e-04 | 4.364e-04    12      2  |
    94 5.083e-01 1.097e+04    12     2  1.582e-03 | 8.064e-04    13      1  |
    95 5.083e-01 1.103e+04    12     2  4.011e-04 | 4.407e-04    12      2  |
    96 5.083e-01 1.109e+04    12     2  4.723e-04 | 5.481e-04    12      2  |
    97 5.083e-01 1.114e+04    12     2  1.964e-03 | 8.277e-04    13      1  |
    98 5.083e-01 1.120e+04    12     2  3.812e-04 | 4.801e-04    12      2  |
    99 5.083e-01 1.126e+04    12     2  1.437e-03 | 1.229e-03    12      2  |
 Epoch.   Obj.    alphak      #z   #nz   |egradf| |   optim     #pz    #pnz |
   100 5.083e-01 1.131e+04    12     2  3.884e-04 | 5.162e-04    12      2  |
   101 5.083e-01 1.137e+04    12     2  3.572e-04 | 3.968e-04    12      2  |
   102 5.083e-01 1.143e+04    12     2  9.134e-04 | 4.955e-04    12      2  |
   103 5.083e-01 1.148e+04    12     2  7.286e-04 | 7.470e-04    12      2  |
   104 5.083e-01 1.154e+04    12     2  1.318e-03 | 1.147e-03    12      2  |
   105 5.083e-01 1.159e+04    12     2  6.350e-04 | 7.918e-04    12      2  |
   106 5.083e-01 1.165e+04    12     2  3.680e-04 | 4.400e-04    12      2  |
   107 5.083e-01 1.170e+04    12     2  1.186e-03 | 7.184e-04    12      2  |
   108 5.083e-01 1.176e+04    12     2  3.203e-04 | 4.777e-04    12      2  |
   109 5.083e-01 1.181e+04    12     2  7.289e-04 | 5.198e-04    12      2  |
   110 5.083e-01 1.187e+04    12     2  1.793e-03 | 8.422e-04    13      1  |
   111 5.083e-01 1.192e+04    12     2  3.126e-04 | 3.775e-04    12      2  |
   112 5.083e-01 1.197e+04    12     2  1.141e-03 | 1.064e-03    12      2  |
   113 5.083e-01 1.203e+04    12     2  3.047e-04 | 4.245e-04    12      2  |
   114 5.083e-01 1.208e+04    12     2  6.529e-04 | 4.659e-04    12      2  |
   115 5.083e-01 1.213e+04    12     2  3.217e-04 | 3.690e-04    12      2  |
   116 5.083e-01 1.219e+04    12     2  1.024e-03 | 6.415e-04    12      2  |
   117 5.083e-01 1.224e+04    12     2  1.087e-03 | 9.931e-04    12      2  |
   118 5.083e-01 1.229e+04    12     2  1.079e-03 | 9.785e-04    12      2  |
   119 5.083e-01 1.234e+04    12     2  6.712e-04 | 4.357e-04    12      2  |
   120 5.083e-01 1.239e+04    12     2  4.616e-04 | 3.463e-04    12      2  |
   121 5.083e-01 1.245e+04    12     2  6.374e-04 | 4.330e-04    12      2  |
   122 5.083e-01 1.250e+04    12     2  5.016e-04 | 5.978e-04    12      2  |
   123 5.083e-01 1.255e+04    12     2  1.063e-03 | 9.624e-04    12      2  |
   124 5.083e-01 1.260e+04    12     2  4.862e-04 | 3.234e-04    12      2  |
   125 5.083e-01 1.265e+04    12     2  1.234e-03 | 6.684e-04    13      1  |
   126 5.083e-01 1.270e+04    12     2  4.621e-04 | 3.188e-04    12      2  |
   127 5.083e-01 1.275e+04    12     2  4.699e-04 | 3.382e-04    12      2  |
   128 5.083e-01 1.280e+04    12     2  1.073e-03 | 9.301e-04    12      2  |
   129 5.083e-01 1.285e+04    12     2  8.340e-04 | 4.452e-04    12      2  |
   130 5.083e-01 1.290e+04    12     2  1.013e-03 | 5.924e-04    12      2  |
   131 5.083e-01 1.295e+04    12     2  2.199e-03 | 8.045e-04    13      1  |
   132 5.083e-01 1.300e+04    12     2  4.646e-04 | 3.852e-04    12      2  |
   133 5.083e-01 1.305e+04    12     2  2.908e-04 | 3.930e-04    12      2  |
   134 5.083e-01 1.310e+04    12     2  4.849e-04 | 3.483e-04    12      2  |
   135 5.083e-01 1.315e+04    12     2  4.908e-04 | 6.399e-04    12      2  |
   136 5.083e-01 1.319e+04    12     2  2.489e-04 | 4.157e-04    12      2  |
   137 5.083e-01 1.324e+04    12     2  2.987e-04 | 4.067e-04    12      2  |
   138 5.083e-01 1.329e+04    12     2  1.320e-03 | 6.437e-04    13      1  |
   139 5.083e-01 1.334e+04    12     2  2.055e-03 | 7.019e-04    13      1  |
   140 5.083e-01 1.339e+04    12     2  7.112e-04 | 4.087e-04    12      2  |
   141 5.083e-01 1.343e+04    12     2  1.030e-03 | 5.813e-04    12      2  |
   142 5.083e-01 1.348e+04    12     2  1.997e-03 | 6.994e-04    13      1  |
   143 5.083e-01 1.353e+04    12     2  3.916e-04 | 3.074e-04    12      2  |
   144 5.083e-01 1.358e+04    12     2  3.229e-04 | 4.005e-04    12      2  |
   145 5.083e-01 1.362e+04    12     2  1.379e-03 | 1.087e-03    12      2  |
   146 5.083e-01 1.367e+04    12     2  3.858e-04 | 4.727e-04    12      2  |
   147 5.083e-01 1.372e+04    12     2  4.997e-04 | 3.261e-04    12      2  |
   148 5.083e-01 1.376e+04    12     2  3.948e-04 | 3.069e-04    12      2  |
   149 5.083e-01 1.381e+04    12     2  9.944e-04 | 5.671e-04    12      2  |
 Epoch.   Obj.    alphak      #z   #nz   |egradf| |   optim     #pz    #pnz |
   150 5.083e-01 1.386e+04    12     2  1.014e-03 | 5.539e-04    12      2  |
   151 5.083e-01 1.390e+04    12     2  3.530e-04 | 4.988e-04    12      2  |
   152 5.083e-01 1.395e+04    12     2  7.813e-04 | 7.667e-04    12      2  |
   153 5.083e-01 1.399e+04    12     2  8.844e-04 | 5.346e-04    12      2  |
   154 5.083e-01 1.404e+04    12     2  1.009e-03 | 5.889e-04    12      2  |
   155 5.083e-01 1.409e+04    12     2  3.406e-04 | 3.219e-04    12      2  |
   156 5.083e-01 1.413e+04    12     2  3.043e-04 | 4.362e-04    12      2  |
   157 5.083e-01 1.418e+04    12     2  1.573e-03 | 6.279e-04    13      1  |
   158 5.083e-01 1.422e+04    12     2  3.114e-04 | 4.086e-04    12      2  |
   159 5.083e-01 1.427e+04    12     2  1.244e-03 | 9.661e-04    12      2  |
   160 5.083e-01 1.431e+04    12     2  1.563e-03 | 6.131e-04    13      1  |
   161 5.083e-01 1.436e+04    12     2  9.177e-04 | 7.748e-04    12      2  |
   162 5.083e-01 1.440e+04    12     2  4.014e-04 | 2.556e-04    12      2  |
   163 5.083e-01 1.444e+04    12     2  1.018e-03 | 5.317e-04    13      1  |
   164 5.083e-01 1.449e+04    12     2  3.302e-04 | 3.132e-04    12      2  |
   165 5.083e-01 1.453e+04    12     2  6.132e-04 | 3.193e-04    12      2  |
   166 5.083e-01 1.458e+04    12     2  3.224e-04 | 2.833e-04    12      2  |
   167 5.083e-01 1.462e+04    12     2  1.253e-03 | 5.729e-04    13      1  |
   168 5.083e-01 1.466e+04    12     2  4.031e-04 | 5.029e-04    12      2  |
   169 5.083e-01 1.471e+04    12     2  8.363e-04 | 4.678e-04    12      2  |
   170 5.083e-01 1.475e+04    12     2  3.476e-04 | 4.553e-04    12      2  |
   171 5.083e-01 1.479e+04    12     2  7.589e-04 | 7.280e-04    12      2  |
   172 5.083e-01 1.484e+04    12     2  7.386e-04 | 7.199e-04    12      2  |
   173 5.083e-01 1.488e+04    12     2  6.749e-04 | 6.642e-04    12      2  |
   174 5.083e-01 1.492e+04    12     2  4.336e-04 | 5.004e-04    12      2  |
   175 5.083e-01 1.497e+04    12     2  7.202e-04 | 4.158e-04    12      2  |
   176 5.083e-01 1.501e+04    12     2  7.580e-04 | 6.792e-04    12      2  |
   177 5.083e-01 1.505e+04    12     2  1.011e-03 | 5.378e-04    13      1  |
   178 5.083e-01 1.509e+04    12     2  1.384e-03 | 1.048e-03    12      2  |
   179 5.083e-01 1.514e+04    12     2  7.905e-04 | 6.938e-04    12      2  |
   180 5.083e-01 1.518e+04    12     2  8.551e-04 | 4.430e-04    12      2  |
   181 5.083e-01 1.522e+04    12     2  5.605e-04 | 3.019e-04    12      2  |
   182 5.083e-01 1.526e+04    12     2  8.262e-04 | 4.496e-04    12      2  |
   183 5.083e-01 1.531e+04    12     2  4.778e-04 | 4.797e-04    12      2  |
   184 5.083e-01 1.535e+04    12     2  9.569e-04 | 7.952e-04    12      2  |
   185 5.083e-01 1.539e+04    12     2  1.445e-03 | 5.810e-04    13      1  |
   186 5.083e-01 1.543e+04    12     2  1.062e-03 | 5.044e-04    13      1  |
   187 5.083e-01 1.547e+04    12     2  2.890e-04 | 2.741e-04    12      2  |
   188 5.083e-01 1.551e+04    12     2  1.092e-03 | 8.670e-04    12      2  |
   189 5.083e-01 1.555e+04    12     2  2.886e-04 | 3.143e-04    12      2  |
   190 5.083e-01 1.560e+04    12     2  5.272e-04 | 2.676e-04    12      2  |
   191 5.083e-01 1.564e+04    12     2  5.963e-04 | 3.121e-04    12      2  |
   192 5.083e-01 1.568e+04    12     2  1.273e-03 | 9.315e-04    12      2  |
   193 5.083e-01 1.572e+04    12     2  3.169e-04 | 2.614e-04    12      2  |
   194 5.083e-01 1.576e+04    12     2  9.808e-04 | 7.690e-04    12      2  |
   195 5.083e-01 1.580e+04    12     2  5.426e-04 | 5.559e-04    12      2  |
   196 5.083e-01 1.584e+04    12     2  9.598e-04 | 4.995e-04    13      1  |
   197 5.083e-01 1.588e+04    12     2  4.103e-04 | 3.040e-04    12      2  |
   198 5.083e-01 1.592e+04    12     2  6.017e-04 | 3.448e-04    12      2  |
   199 5.083e-01 1.596e+04    12     2  9.430e-04 | 4.901e-04    13      1  |
 Epoch.   Obj.    alphak      #z   #nz   |egradf| |   optim     #pz    #pnz |
   200 5.083e-01 1.600e+04    12     2  1.080e-03 | 4.880e-04    13      1  |
   201 5.083e-01 1.604e+04    12     2  6.514e-04 | 3.698e-04    12      2  |
   202 5.083e-01 1.608e+04    12     2  1.234e-03 | 5.310e-04    13      1  |
   203 5.083e-01 1.612e+04    12     2  6.427e-04 | 3.602e-04    12      2  |
   204 5.083e-01 1.616e+04    12     2  2.739e-04 | 2.693e-04    12      2  |
   205 5.083e-01 1.620e+04    12     2  8.532e-04 | 4.685e-04    12      2  |
   206 5.083e-01 1.624e+04    12     2  1.848e-03 | 6.051e-04    13      1  |
   207 5.083e-01 1.628e+04    12     2  1.222e-03 | 5.063e-04    13      1  |
   208 5.083e-01 1.632e+04    12     2  1.276e-03 | 9.418e-04    12      2  |
   209 5.083e-01 1.636e+04    12     2  3.664e-04 | 4.200e-04    12      2  |
   210 5.083e-01 1.640e+04    12     2  5.922e-04 | 3.433e-04    12      2  |
   211 5.083e-01 1.643e+04    12     2  6.498e-04 | 3.548e-04    12      2  |
   212 5.083e-01 1.647e+04    12     2  9.880e-04 | 4.871e-04    13      1  |
   213 5.083e-01 1.651e+04    12     2  3.745e-04 | 2.603e-04    12      2  |
   214 5.083e-01 1.655e+04    12     2  3.168e-04 | 2.477e-04    12      2  |
   215 5.083e-01 1.659e+04    12     2  4.822e-04 | 2.706e-04    12      2  |
   216 5.083e-01 1.663e+04    12     2  1.083e-03 | 8.263e-04    12      2  |
   217 5.083e-01 1.667e+04    12     2  1.077e-03 | 4.556e-04    13      1  |
   218 5.083e-01 1.670e+04    12     2  3.262e-04 | 2.413e-04    12      2  |
   219 5.083e-01 1.674e+04    12     2  3.528e-04 | 3.850e-04    12      2  |
   220 5.083e-01 1.678e+04    12     2  2.865e-04 | 2.965e-04    12      2  |
   221 5.083e-01 1.682e+04    12     2  6.148e-04 | 3.173e-04    12      2  |
   222 5.083e-01 1.686e+04    12     2  7.687e-04 | 4.010e-04    12      2  |
   223 5.083e-01 1.690e+04    12     2  1.266e-03 | 9.107e-04    12      2  |
   224 5.083e-01 1.693e+04    12     2  3.517e-04 | 2.344e-04    12      2  |
   225 5.083e-01 1.697e+04    12     2  9.287e-04 | 7.139e-04    12      2  |
   226 5.083e-01 1.701e+04    12     2  4.892e-04 | 4.603e-04    12      2  |
   227 5.083e-01 1.705e+04    12     2  5.016e-04 | 2.646e-04    12      2  |
   228 5.083e-01 1.708e+04    12     2  2.878e-04 | 3.487e-04    12      2  |
   229 5.083e-01 1.712e+04    12     2  2.930e-04 | 2.601e-04    12      2  |
   230 5.083e-01 1.716e+04    12     2  3.256e-04 | 2.409e-04    12      2  |
   231 5.083e-01 1.720e+04    12     2  3.793e-04 | 4.186e-04    12      2  |
   232 5.083e-01 1.723e+04    12     2  6.988e-04 | 5.944e-04    12      2  |
   233 5.083e-01 1.727e+04    12     2  1.341e-03 | 5.272e-04    13      1  |
   234 5.083e-01 1.731e+04    12     2  4.039e-04 | 4.398e-04    12      2  |
   235 5.083e-01 1.734e+04    12     2  4.498e-04 | 4.807e-04    12      2  |
   236 5.083e-01 1.738e+04    12     2  2.591e-04 | 2.612e-04    12      2  |
   237 5.083e-01 1.742e+04    12     2  2.527e-04 | 2.602e-04    12      2  |
   238 5.083e-01 1.745e+04    12     2  3.720e-04 | 2.692e-04    12      2  |
   239 5.083e-01 1.749e+04    12     2  2.923e-04 | 2.496e-04    12      2  |
   240 5.083e-01 1.753e+04    12     2  1.011e-03 | 4.650e-04    13      1  |
   241 5.083e-01 1.756e+04    12     2  7.378e-04 | 3.871e-04    12      2  |
   242 5.083e-01 1.760e+04    12     2  1.784e-03 | 5.783e-04    13      1  |
   243 5.083e-01 1.764e+04    12     2  2.381e-04 | 3.596e-04    12      2  |
   244 5.083e-01 1.767e+04    12     2  6.641e-04 | 3.472e-04    12      2  |
   245 5.083e-01 1.771e+04    12     2  5.537e-04 | 5.253e-04    12      2  |
   246 5.083e-01 1.775e+04    12     2  1.825e-03 | 1.205e-03    12      2  |
   247 5.083e-01 1.778e+04    12     2  8.003e-04 | 6.538e-04    12      2  |
   248 5.083e-01 1.782e+04    12     2  8.561e-04 | 4.353e-04    13      1  |
   249 5.083e-01 1.785e+04    12     2  3.707e-04 | 4.280e-04    12      2  |
 Epoch.   Obj.    alphak      #z   #nz   |egradf| |   optim     #pz    #pnz |
   250 5.083e-01 1.789e+04    12     2  3.867e-04 | 2.466e-04    12      2  |
   251 5.083e-01 1.792e+04    12     2  5.067e-04 | 5.116e-04    12      2  |
   252 5.083e-01 1.796e+04    12     2  8.376e-04 | 6.733e-04    12      2  |
   253 5.083e-01 1.800e+04    12     2  2.557e-04 | 2.367e-04    12      2  |
   254 5.083e-01 1.803e+04    12     2  7.961e-04 | 6.330e-04    12      2  |
   255 5.083e-01 1.807e+04    12     2  1.501e-03 | 5.009e-04    13      1  |
   256 5.083e-01 1.810e+04    12     2  8.614e-04 | 4.109e-04    13      1  |
   257 5.083e-01 1.814e+04    12     2  2.549e-04 | 2.290e-04    12      2  |
   258 5.083e-01 1.817e+04    12     2  5.913e-04 | 5.245e-04    12      2  |
   259 5.083e-01 1.821e+04    12     2  3.847e-04 | 3.946e-04    12      2  |
   260 5.083e-01 1.824e+04    12     2  2.806e-04 | 2.986e-04    12      2  |
   261 5.083e-01 1.828e+04    12     2  2.746e-04 | 3.005e-04    12      2  |
   262 5.083e-01 1.831e+04    12     2  2.844e-04 | 3.266e-04    12      2  |
   263 5.083e-01 1.835e+04    12     2  2.885e-04 | 2.269e-04    12      2  |
   264 5.083e-01 1.838e+04    12     2  7.823e-04 | 6.324e-04    12      2  |
   265 5.083e-01 1.842e+04    12     2  9.360e-04 | 4.259e-04    13      1  |
   266 5.083e-01 1.845e+04    12     2  1.135e-03 | 4.597e-04    13      1  |
   267 5.083e-01 1.849e+04    12     2  3.578e-04 | 4.031e-04    12      2  |
   268 5.083e-01 1.852e+04    12     2  5.863e-04 | 5.230e-04    12      2  |
   269 5.083e-01 1.856e+04    12     2  7.750e-04 | 3.867e-04    12      2  |
   270 5.083e-01 1.859e+04    12     2  7.304e-04 | 3.655e-04    12      2  |
   271 5.083e-01 1.862e+04    12     2  6.797e-04 | 3.391e-04    12      2  |
   272 5.083e-01 1.866e+04    12     2  5.785e-04 | 2.908e-04    12      2  |
   273 5.083e-01 1.869e+04    12     2  4.356e-04 | 2.476e-04    12      2  |
   274 5.083e-01 1.873e+04    12     2  2.330e-04 | 3.329e-04    12      2  |
   275 5.083e-01 1.876e+04    12     2  3.071e-04 | 2.353e-04    12      2  |
   276 5.083e-01 1.880e+04    12     2  3.740e-04 | 4.221e-04    12      2  |
   277 5.083e-01 1.883e+04    12     2  6.302e-04 | 3.306e-04    12      2  |
   278 5.083e-01 1.886e+04    12     2  6.699e-04 | 3.361e-04    12      2  |
   279 5.083e-01 1.890e+04    12     2  8.733e-04 | 6.611e-04    12      2  |
   280 5.083e-01 1.893e+04    12     2  2.251e-04 | 2.388e-04    12      2  |
   281 5.083e-01 1.897e+04    12     2  8.247e-04 | 3.934e-04    13      1  |
   282 5.083e-01 1.900e+04    12     2  3.827e-04 | 2.520e-04    12      2  |
   283 5.083e-01 1.903e+04    12     2  3.125e-04 | 3.768e-04    12      2  |
   284 5.083e-01 1.907e+04    12     2  5.850e-04 | 3.188e-04    12      2  |
   285 5.083e-01 1.910e+04    12     2  1.370e-03 | 4.950e-04    13      1  |
   286 5.083e-01 1.913e+04    12     2  4.019e-04 | 2.620e-04    12      2  |
   287 5.083e-01 1.917e+04    12     2  1.909e-04 | 3.014e-04    12      2  |
   288 5.083e-01 1.920e+04    12     2  5.263e-04 | 2.905e-04    12      2  |
   289 5.083e-01 1.923e+04    12     2  2.102e-04 | 2.318e-04    12      2  |
   290 5.083e-01 1.927e+04    12     2  3.704e-04 | 2.096e-04    12      2  |
   291 5.083e-01 1.930e+04    12     2  7.631e-04 | 3.903e-04    13      1  |
   292 5.083e-01 1.933e+04    12     2  2.271e-04 | 2.976e-04    12      2  |
   293 5.083e-01 1.937e+04    12     2  4.172e-04 | 4.040e-04    12      2  |
   294 5.083e-01 1.940e+04    12     2  6.210e-04 | 3.156e-04    12      2  |
   295 5.083e-01 1.943e+04    12     2  7.172e-04 | 3.828e-04    12      2  |
   296 5.083e-01 1.947e+04    12     2  4.369e-04 | 2.662e-04    12      2  |
   297 5.083e-01 1.950e+04    12     2  2.114e-04 | 3.210e-04    12      2  |
   298 5.083e-01 1.953e+04    12     2  5.313e-04 | 2.880e-04    12      2  |
   299 5.083e-01 1.956e+04    12     2  9.282e-04 | 4.145e-04    13      1  |
 Epoch.   Obj.    alphak      #z   #nz   |egradf| |   optim     #pz    #pnz |
   300 5.083e-01 1.960e+04    12     2  1.639e-04 | 2.616e-04    12      2  |
   301 5.083e-01 1.963e+04    12     2  3.698e-04 | 2.412e-04    12      2  |
   302 5.083e-01 1.966e+04    12     2  1.249e-03 | 4.516e-04    13      1  |
   303 5.083e-01 1.969e+04    12     2  2.091e-04 | 2.806e-04    12      2  |
   304 5.083e-01 1.973e+04    12     2  3.102e-04 | 2.003e-04    12      2  |
   305 5.083e-01 1.976e+04    12     2  8.335e-04 | 3.907e-04    13      1  |
   306 5.083e-01 1.979e+04    12     2  2.554e-04 | 2.390e-04    12      2  |
   307 5.083e-01 1.982e+04    12     2  8.756e-04 | 6.529e-04    12      2  |
   308 5.083e-01 1.986e+04    12     2  4.679e-04 | 2.480e-04    12      2  |
   309 5.083e-01 1.989e+04    12     2  2.575e-04 | 2.399e-04    12      2  |
   310 5.083e-01 1.992e+04    12     2  9.974e-04 | 4.174e-04    13      1  |
   311 5.083e-01 1.995e+04    12     2  1.735e-04 | 2.901e-04    12      2  |
   312 5.083e-01 1.998e+04    12     2  6.741e-04 | 3.526e-04    12      2  |
   313 5.083e-01 2.002e+04    12     2  7.027e-04 | 3.584e-04    12      2  |
   314 5.083e-01 2.005e+04    12     2  2.543e-04 | 3.323e-04    12      2  |
   315 5.083e-01 2.008e+04    12     2  2.376e-04 | 3.076e-04    12      2  |
   316 5.083e-01 2.011e+04    12     2  2.747e-04 | 3.369e-04    12      2  |
   317 5.083e-01 2.014e+04    12     2  8.640e-04 | 6.496e-04    12      2  |
   318 5.083e-01 2.018e+04    12     2  6.546e-04 | 3.286e-04    12      2  |
   319 5.083e-01 2.021e+04    12     2  2.539e-04 | 2.064e-04    12      2  |
   320 5.083e-01 2.024e+04    12     2  6.759e-04 | 3.401e-04    12      2  |
   321 5.083e-01 2.027e+04    12     2  3.330e-04 | 2.093e-04    12      2  |
   322 5.083e-01 2.030e+04    12     2  1.390e-03 | 9.312e-04    12      2  |
   323 5.083e-01 2.033e+04    12     2  2.099e-04 | 3.013e-04    12      2  |
   324 5.083e-01 2.036e+04    12     2  3.607e-04 | 3.888e-04    12      2  |
   325 5.083e-01 2.040e+04    12     2  2.073e-04 | 2.699e-04    12      2  |
   326 5.083e-01 2.043e+04    12     2  2.208e-04 | 2.139e-04    12      2  |
   327 5.083e-01 2.046e+04    12     2  2.370e-04 | 2.260e-04    12      2  |
   328 5.083e-01 2.049e+04    12     2  1.901e-04 | 2.265e-04    12      2  |
   329 5.083e-01 2.052e+04    12     2  1.794e-04 | 2.381e-04    12      2  |
   330 5.083e-01 2.055e+04    12     2  2.549e-04 | 3.165e-04    12      2  |
   331 5.083e-01 2.058e+04    12     2  2.138e-04 | 2.341e-04    12      2  |
   332 5.083e-01 2.061e+04    12     2  3.872e-04 | 3.647e-04    12      2  |
   333 5.083e-01 2.065e+04    12     2  2.615e-04 | 2.819e-04    12      2  |
   334 5.083e-01 2.068e+04    12     2  7.938e-04 | 5.872e-04    12      2  |
   335 5.083e-01 2.071e+04    12     2  6.233e-04 | 5.070e-04    12      2  |
   336 5.083e-01 2.074e+04    12     2  3.092e-04 | 3.527e-04    12      2  |
   337 5.083e-01 2.077e+04    12     2  4.646e-04 | 4.050e-04    12      2  |
   338 5.083e-01 2.080e+04    12     2  3.499e-04 | 3.469e-04    12      2  |
   339 5.083e-01 2.083e+04    12     2  4.957e-04 | 2.418e-04    12      2  |
   340 5.083e-01 2.086e+04    12     2  2.023e-04 | 2.510e-04    12      2  |
   341 5.083e-01 2.089e+04    12     2  4.407e-04 | 2.230e-04    12      2  |
   342 5.083e-01 2.092e+04    12     2  4.199e-04 | 2.056e-04    12      2  |
   343 5.083e-01 2.095e+04    12     2  6.277e-04 | 4.939e-04    12      2  |
   344 5.083e-01 2.098e+04    12     2  5.490e-04 | 4.431e-04    12      2  |
   345 5.083e-01 2.101e+04    12     2  2.868e-04 | 1.891e-04    12      2  |
   346 5.083e-01 2.104e+04    12     2  4.289e-04 | 3.920e-04    12      2  |
   347 5.083e-01 2.108e+04    12     2  1.856e-04 | 3.020e-04    12      2  |
   348 5.083e-01 2.111e+04    12     2  3.230e-04 | 2.302e-04    12      2  |
   349 5.083e-01 2.114e+04    12     2  2.736e-04 | 2.173e-04    12      2  |
 Epoch.   Obj.    alphak      #z   #nz   |egradf| |   optim     #pz    #pnz |
   350 5.083e-01 2.117e+04    12     2  2.667e-04 | 3.056e-04    12      2  |
   351 5.083e-01 2.120e+04    12     2  5.853e-04 | 2.886e-04    12      2  |
   352 5.083e-01 2.123e+04    12     2  5.306e-04 | 4.627e-04    12      2  |
   353 5.083e-01 2.126e+04    12     2  2.510e-04 | 3.044e-04    12      2  |
   354 5.083e-01 2.129e+04    12     2  2.536e-04 | 1.934e-04    12      2  |
   355 5.083e-01 2.132e+04    12     2  2.910e-04 | 3.191e-04    12      2  |
   356 5.083e-01 2.135e+04    12     2  2.195e-04 | 2.593e-04    12      2  |
   357 5.083e-01 2.138e+04    12     2  4.342e-04 | 3.875e-04    12      2  |
   358 5.083e-01 2.141e+04    12     2  3.302e-04 | 1.896e-04    12      2  |
   359 5.083e-01 2.144e+04    12     2  3.594e-04 | 3.430e-04    12      2  |
   360 5.083e-01 2.147e+04    12     2  4.011e-04 | 3.556e-04    12      2  |
   361 5.083e-01 2.150e+04    12     2  1.007e-03 | 3.589e-04    13      1  |
   362 5.083e-01 2.153e+04    12     2  3.877e-04 | 2.026e-04    12      2  |
   363 5.083e-01 2.156e+04    12     2  5.945e-04 | 2.798e-04    12      2  |
   364 5.083e-01 2.159e+04    12     2  4.393e-04 | 3.840e-04    12      2  |
   365 5.083e-01 2.162e+04    12     2  2.759e-04 | 1.815e-04    12      2  |
   366 5.083e-01 2.164e+04    12     2  4.305e-04 | 2.210e-04    12      2  |
   367 5.083e-01 2.167e+04    12     2  1.018e-03 | 3.758e-04    13      1  |
   368 5.083e-01 2.170e+04    12     2  5.045e-04 | 4.240e-04    12      2  |
   369 5.083e-01 2.173e+04    12     2  6.157e-04 | 2.943e-04    12      2  |
   370 5.083e-01 2.176e+04    12     2  2.530e-04 | 1.795e-04    12      2  |
   371 5.083e-01 2.179e+04    12     2  1.958e-04 | 2.405e-04    12      2  |
   372 5.083e-01 2.182e+04    12     2  2.305e-04 | 1.835e-04    12      2  |
   373 5.083e-01 2.185e+04    12     2  3.433e-04 | 3.260e-04    12      2  |
   374 5.083e-01 2.188e+04    12     2  5.947e-04 | 2.835e-04    12      2  |
   375 5.083e-01 2.191e+04    12     2  8.800e-04 | 3.571e-04    13      1  |
   376 5.083e-01 2.194e+04    12     2  2.532e-04 | 1.873e-04    12      2  |
   377 5.083e-01 2.197e+04    12     2  1.967e-04 | 2.369e-04    12      2  |
   378 5.083e-01 2.200e+04    12     2  2.033e-04 | 2.237e-04    12      2  |
   379 5.083e-01 2.203e+04    12     2  1.947e-04 | 2.263e-04    12      2  |
   380 5.083e-01 2.205e+04    12     2  3.590e-04 | 3.561e-04    12      2  |
   381 5.083e-01 2.208e+04    12     2  1.936e-04 | 2.067e-04    12      2  |
   382 5.083e-01 2.211e+04    12     2  6.506e-04 | 3.157e-04    12      2  |
   383 5.083e-01 2.214e+04    12     2  5.641e-04 | 2.836e-04    12      2  |
   384 5.083e-01 2.217e+04    12     2  8.166e-04 | 3.355e-04    13      1  |
   385 5.083e-01 2.220e+04    12     2  3.681e-04 | 3.566e-04    12      2  |
   386 5.083e-01 2.223e+04    12     2  1.927e-04 | 2.236e-04    12      2  |
   387 5.083e-01 2.226e+04    12     2  2.831e-04 | 1.645e-04    12      2  |
   388 5.083e-01 2.229e+04    12     2  7.169e-04 | 3.297e-04    13      1  |
   389 5.083e-01 2.231e+04    12     2  2.005e-04 | 2.069e-04    12      2  |
   390 5.083e-01 2.234e+04    12     2  8.354e-04 | 3.342e-04    13      1  |
   391 5.083e-01 2.237e+04    12     2  6.644e-04 | 3.145e-04    13      1  |
   392 5.083e-01 2.240e+04    12     2  2.012e-04 | 2.387e-04    12      2  |
   393 5.083e-01 2.243e+04    12     2  2.771e-04 | 1.753e-04    12      2  |
   394 5.083e-01 2.246e+04    12     2  6.855e-04 | 3.141e-04    13      1  |
   395 5.083e-01 2.249e+04    12     2  8.959e-04 | 3.435e-04    13      1  |
   396 5.083e-01 2.251e+04    12     2  1.922e-04 | 2.197e-04    12      2  |
   397 5.083e-01 2.254e+04    12     2  2.430e-04 | 1.643e-04    12      2  |
   398 5.083e-01 2.257e+04    12     2  4.891e-04 | 4.037e-04    12      2  |
   399 5.083e-01 2.260e+04    12     2  1.959e-04 | 2.132e-04    12      2  |
 Epoch.   Obj.    alphak      #z   #nz   |egradf| |   optim     #pz    #pnz |
   400 5.083e-01 2.263e+04    12     2  7.672e-04 | 3.346e-04    13      1  |
   401 5.083e-01 2.266e+04    12     2  1.128e-03 | 3.668e-04    13      1  |
   402 5.083e-01 2.268e+04    12     2  8.462e-04 | 3.304e-04    13      1  |
   403 5.083e-01 2.271e+04    12     2  2.083e-04 | 1.824e-04    12      2  |
   404 5.083e-01 2.274e+04    12     2  1.895e-04 | 1.891e-04    12      2  |
   405 5.083e-01 2.277e+04    12     2  2.164e-04 | 1.852e-04    12      2  |
   406 5.083e-01 2.280e+04    12     2  3.667e-04 | 3.462e-04    12      2  |
   407 5.083e-01 2.282e+04    12     2  1.051e-03 | 7.186e-04    12      2  |
   408 5.083e-01 2.285e+04    12     2  3.463e-04 | 1.808e-04    12      2  |
   409 5.083e-01 2.288e+04    12     2  3.485e-04 | 1.887e-04    12      2  |
   410 5.083e-01 2.291e+04    12     2  5.805e-04 | 4.626e-04    12      2  |
   411 5.083e-01 2.294e+04    12     2  1.957e-04 | 1.864e-04    12      2  |
   412 5.083e-01 2.296e+04    12     2  4.363e-04 | 3.837e-04    12      2  |
   413 5.083e-01 2.299e+04    12     2  3.345e-04 | 1.814e-04    12      2  |
   414 5.083e-01 2.302e+04    12     2  5.892e-04 | 2.835e-04    12      2  |
   415 5.083e-01 2.305e+04    12     2  1.983e-04 | 2.702e-04    12      2  |
   416 5.083e-01 2.308e+04    12     2  3.135e-04 | 3.178e-04    12      2  |
   417 5.083e-01 2.310e+04    12     2  1.021e-03 | 3.508e-04    13      1  |
   418 5.083e-01 2.313e+04    12     2  5.908e-04 | 4.669e-04    12      2  |
   419 5.083e-01 2.316e+04    12     2  4.839e-04 | 2.357e-04    12      2  |
   420 5.083e-01 2.319e+04    12     2  2.136e-04 | 1.705e-04    12      2  |
   421 5.083e-01 2.321e+04    12     2  5.860e-04 | 4.566e-04    12      2  |
   422 5.083e-01 2.324e+04    12     2  1.792e-04 | 2.065e-04    12      2  |
   423 5.083e-01 2.327e+04    12     2  2.903e-04 | 1.693e-04    12      2  |
   424 5.083e-01 2.330e+04    12     2  5.819e-04 | 2.868e-04    12      2  |
   425 5.083e-01 2.332e+04    12     2  9.935e-04 | 3.583e-04    13      1  |
   426 5.083e-01 2.335e+04    12     2  4.997e-04 | 2.430e-04    12      2  |
   427 5.083e-01 2.338e+04    12     2  2.718e-04 | 3.018e-04    12      2  |
   428 5.083e-01 2.341e+04    12     2  1.808e-04 | 2.337e-04    12      2  |
   429 5.083e-01 2.343e+04    12     2  3.126e-04 | 3.228e-04    12      2  |
   430 5.083e-01 2.346e+04    12     2  4.976e-04 | 4.202e-04    12      2  |
   431 5.083e-01 2.349e+04    12     2  2.166e-04 | 1.805e-04    12      2  |
   432 5.083e-01 2.352e+04    12     2  1.790e-04 | 1.879e-04    12      2  |
   433 5.083e-01 2.354e+04    12     2  3.140e-04 | 3.001e-04    12      2  |
   434 5.083e-01 2.357e+04    12     2  2.009e-04 | 2.023e-04    12      2  |
   435 5.083e-01 2.360e+04    12     2  2.816e-04 | 1.495e-04    12      2  |
   436 5.083e-01 2.362e+04    12     2  2.903e-04 | 1.348e-04    12      2  |
   437 5.083e-01 2.365e+04    12     2  7.986e-04 | 5.558e-04    12      2  |
   438 5.083e-01 2.368e+04    12     2  4.557e-04 | 3.632e-04    12      2  |
   439 5.083e-01 2.371e+04    12     2  4.267e-04 | 3.469e-04    12      2  |
   440 5.083e-01 2.373e+04    12     2  2.138e-04 | 1.756e-04    12      2  |
   441 5.083e-01 2.376e+04    12     2  5.680e-04 | 4.411e-04    12      2  |
   442 5.083e-01 2.379e+04    12     2  4.003e-04 | 1.790e-04    12      2  |
   443 5.083e-01 2.381e+04    12     2  3.226e-04 | 2.985e-04    12      2  |
   444 5.083e-01 2.384e+04    12     2  2.718e-04 | 1.544e-04    12      2  |
   445 5.083e-01 2.387e+04    12     2  6.454e-04 | 2.827e-04    13      1  |
   446 5.083e-01 2.389e+04    12     2  2.880e-04 | 1.603e-04    12      2  |
   447 5.083e-01 2.392e+04    12     2  1.868e-04 | 1.802e-04    12      2  |
   448 5.083e-01 2.395e+04    12     2  1.825e-04 | 1.813e-04    12      2  |
   449 5.083e-01 2.397e+04    12     2  1.776e-04 | 1.943e-04    12      2  |
 Epoch.   Obj.    alphak      #z   #nz   |egradf| |   optim     #pz    #pnz |
   450 5.083e-01 2.400e+04    12     2  1.720e-04 | 1.924e-04    12      2  |
   451 5.083e-01 2.403e+04    12     2  2.107e-04 | 2.464e-04    12      2  |
   452 5.083e-01 2.405e+04    12     2  9.848e-04 | 6.607e-04    12      2  |
   453 5.083e-01 2.408e+04    12     2  2.944e-04 | 1.577e-04    12      2  |
   454 5.083e-01 2.411e+04    12     2  2.201e-04 | 1.518e-04    12      2  |
   455 5.083e-01 2.413e+04    12     2  6.726e-04 | 5.016e-04    12      2  |
   456 5.083e-01 2.416e+04    12     2  2.502e-04 | 1.541e-04    12      2  |
   457 5.083e-01 2.419e+04    12     2  2.120e-04 | 2.453e-04    12      2  |
   458 5.083e-01 2.421e+04    12     2  3.206e-04 | 1.648e-04    12      2  |
   459 5.083e-01 2.424e+04    12     2  1.794e-04 | 1.751e-04    12      2  |
   460 5.083e-01 2.427e+04    12     2  6.439e-04 | 2.924e-04    13      1  |
   461 5.083e-01 2.429e+04    12     2  1.074e-03 | 3.638e-04    13      1  |
   462 5.083e-01 2.432e+04    12     2  9.302e-04 | 3.461e-04    13      1  |
   463 5.083e-01 2.434e+04    12     2  1.075e-03 | 3.718e-04    13      1  |
   464 5.083e-01 2.437e+04    12     2  1.896e-04 | 2.552e-04    12      2  |
   465 5.083e-01 2.440e+04    12     2  4.639e-04 | 3.954e-04    12      2  |
   466 5.083e-01 2.442e+04    12     2  2.751e-04 | 1.718e-04    12      2  |
   467 5.083e-01 2.445e+04    12     2  4.958e-04 | 2.391e-04    12      2  |
   468 5.083e-01 2.448e+04    12     2  3.620e-04 | 1.901e-04    12      2  |
   469 5.083e-01 2.450e+04    12     2  2.105e-04 | 2.626e-04    12      2  |
   470 5.083e-01 2.453e+04    12     2  3.180e-04 | 3.022e-04    12      2  |
   471 5.083e-01 2.455e+04    12     2  2.052e-04 | 1.509e-04    12      2  |
   472 5.083e-01 2.458e+04    12     2  3.486e-04 | 3.077e-04    12      2  |
   473 5.083e-01 2.461e+04    12     2  2.697e-04 | 1.593e-04    12      2  |
   474 5.083e-01 2.463e+04    12     2  2.515e-04 | 1.503e-04    12      2  |
   475 5.083e-01 2.466e+04    12     2  1.897e-04 | 1.559e-04    12      2  |
   476 5.083e-01 2.468e+04    12     2  4.509e-04 | 3.776e-04    12      2  |
   477 5.083e-01 2.471e+04    12     2  2.991e-04 | 1.420e-04    12      2  |
   478 5.083e-01 2.474e+04    12     2  7.392e-04 | 2.834e-04    13      1  |
   479 5.083e-01 2.476e+04    12     2  5.401e-04 | 4.185e-04    12      2  |
   480 5.083e-01 2.479e+04    12     2  2.643e-04 | 2.712e-04    12      2  |
   481 5.083e-01 2.481e+04    12     2  4.778e-04 | 3.794e-04    12      2  |
   482 5.083e-01 2.484e+04    12     2  2.530e-04 | 1.468e-04    12      2  |
   483 5.083e-01 2.486e+04    12     2  3.457e-04 | 3.036e-04    12      2  |
   484 5.083e-01 2.489e+04    12     2  6.535e-04 | 4.862e-04    12      2  |
   485 5.083e-01 2.492e+04    12     2  2.326e-04 | 2.309e-04    12      2  |
   486 5.083e-01 2.494e+04    12     2  1.846e-04 | 1.798e-04    12      2  |
   487 5.083e-01 2.497e+04    12     2  1.985e-04 | 1.709e-04    12      2  |
   488 5.083e-01 2.499e+04    12     2  2.818e-04 | 1.412e-04    12      2  |
   489 5.083e-01 2.502e+04    12     2  4.343e-04 | 2.076e-04    12      2  |
   490 5.083e-01 2.504e+04    12     2  9.915e-04 | 3.311e-04    13      1  |
   491 5.083e-01 2.507e+04    12     2  4.011e-04 | 1.863e-04    12      2  |
   492 5.083e-01 2.510e+04    12     2  4.555e-04 | 2.206e-04    12      2  |
   493 5.083e-01 2.512e+04    12     2  3.939e-04 | 3.289e-04    12      2  |
   494 5.083e-01 2.515e+04    12     2  5.475e-04 | 4.341e-04    12      2  |
   495 5.083e-01 2.517e+04    12     2  5.638e-04 | 2.608e-04    12      2  |
   496 5.083e-01 2.520e+04    12     2  5.906e-04 | 4.453e-04    12      2  |
   497 5.083e-01 2.522e+04    12     2  3.152e-04 | 2.864e-04    12      2  |
   498 5.083e-01 2.525e+04    12     2  2.754e-04 | 2.617e-04    12      2  |
   499 5.083e-01 2.527e+04    12     2  4.699e-04 | 3.808e-04    12      2  |
 Epoch.   Obj.    alphak      #z   #nz   |egradf| |   optim     #pz    #pnz |
   500 5.083e-01 2.530e+04    12     2  1.944e-04 | 2.296e-04    12      2  |
   501 5.083e-01 2.532e+04    12     2  2.846e-04 | 1.623e-04    12      2  |
   502 5.083e-01 2.535e+04    12     2  9.654e-04 | 3.206e-04    13      1  |
   503 5.083e-01 2.537e+04    12     2  1.106e-03 | 3.447e-04    13      1  |
   504 5.083e-01 2.540e+04    12     2  5.518e-04 | 2.602e-04    12      2  |
   505 5.083e-01 2.542e+04    12     2  6.056e-04 | 2.632e-04    13      1  |
   506 5.083e-01 2.545e+04    12     2  1.861e-04 | 1.999e-04    12      2  |
   507 5.083e-01 2.547e+04    12     2  1.748e-04 | 1.788e-04    12      2  |
   508 5.083e-01 2.550e+04    12     2  3.761e-04 | 1.678e-04    12      2  |
   509 5.083e-01 2.553e+04    12     2  2.051e-04 | 1.370e-04    12      2  |
   510 5.083e-01 2.555e+04    12     2  2.148e-04 | 1.817e-04    12      2  |
   511 5.083e-01 2.558e+04    12     2  2.851e-04 | 1.223e-04    12      2  |
   512 5.083e-01 2.560e+04    12     2  8.107e-04 | 5.539e-04    12      2  |
   513 5.083e-01 2.563e+04    12     2  4.596e-04 | 3.560e-04    12      2  |
   514 5.083e-01 2.565e+04    12     2  1.206e-03 | 7.729e-04    12      2  |
   515 5.083e-01 2.568e+04    12     2  3.728e-04 | 1.551e-04    12      2  |
   516 5.083e-01 2.570e+04    12     2  7.571e-04 | 2.763e-04    13      1  |
   517 5.083e-01 2.572e+04    12     2  7.729e-04 | 2.769e-04    13      1  |
   518 5.083e-01 2.575e+04    12     2  3.922e-04 | 1.681e-04    12      2  |
   519 5.083e-01 2.577e+04    12     2  2.288e-04 | 2.240e-04    12      2  |
   520 5.083e-01 2.580e+04    12     2  2.868e-04 | 1.323e-04    12      2  |
   521 5.083e-01 2.582e+04    12     2  2.451e-04 | 1.322e-04    12      2  |
   522 5.083e-01 2.585e+04    12     2  2.432e-04 | 1.363e-04    12      2  |
   523 5.083e-01 2.587e+04    12     2  6.719e-04 | 4.776e-04    12      2  |
   524 5.083e-01 2.590e+04    12     2  5.847e-04 | 4.252e-04    12      2  |
   525 5.083e-01 2.592e+04    12     2  2.007e-04 | 1.451e-04    12      2  |
   526 5.083e-01 2.595e+04    12     2  2.122e-04 | 1.366e-04    12      2  |
   527 5.083e-01 2.597e+04    12     2  3.910e-04 | 1.527e-04    12      2  |
   528 5.083e-01 2.600e+04    12     2  5.162e-04 | 3.886e-04    12      2  |
   529 5.083e-01 2.602e+04    12     2  7.644e-04 | 5.253e-04    12      2  |
   530 5.083e-01 2.605e+04    12     2  1.243e-03 | 7.935e-04    12      2  |
   531 5.083e-01 2.607e+04    12     2  6.257e-04 | 4.508e-04    12      2  |
   532 5.083e-01 2.610e+04    12     2  7.239e-04 | 5.099e-04    12      2  |
   533 5.083e-01 2.612e+04    12     2  1.904e-04 | 1.564e-04    12      2  |
   534 5.083e-01 2.614e+04    12     2  2.141e-04 | 1.316e-04    12      2  |
   535 5.083e-01 2.617e+04    12     2  1.812e-04 | 1.793e-04    12      2  |
   536 5.083e-01 2.619e+04    12     2  2.533e-04 | 1.384e-04    12      2  |
   537 5.083e-01 2.622e+04    12     2  1.640e-04 | 1.596e-04    12      2  |
   538 5.083e-01 2.624e+04    12     2  2.989e-04 | 2.834e-04    12      2  |
   539 5.083e-01 2.627e+04    12     2  2.708e-04 | 1.383e-04    12      2  |
   540 5.083e-01 2.629e+04    12     2  1.707e-04 | 1.699e-04    12      2  |
   541 5.083e-01 2.632e+04    12     2  1.641e-04 | 1.786e-04    12      2  |
   542 5.083e-01 2.634e+04    12     2  3.390e-04 | 3.077e-04    12      2  |
   543 5.083e-01 2.636e+04    12     2  2.577e-04 | 2.727e-04    12      2  |
   544 5.083e-01 2.639e+04    12     2  3.630e-04 | 1.879e-04    12      2  |
   545 5.083e-01 2.641e+04    12     2  1.786e-04 | 2.176e-04    12      2  |
   546 5.083e-01 2.644e+04    12     2  6.418e-04 | 4.691e-04    12      2  |
   547 5.083e-01 2.646e+04    12     2  4.627e-04 | 3.715e-04    12      2  |
   548 5.083e-01 2.648e+04    12     2  6.636e-04 | 2.760e-04    13      1  |
   549 5.083e-01 2.651e+04    12     2  7.551e-04 | 2.785e-04    13      1  |
 Epoch.   Obj.    alphak      #z   #nz   |egradf| |   optim     #pz    #pnz |
   550 5.083e-01 2.653e+04    12     2  3.886e-04 | 3.254e-04    12      2  |
   551 5.083e-01 2.656e+04    12     2  4.164e-04 | 3.450e-04    12      2  |
   552 5.083e-01 2.658e+04    12     2  5.762e-04 | 4.241e-04    12      2  |
   553 5.083e-01 2.661e+04    12     2  7.544e-04 | 5.283e-04    12      2  |
   554 5.083e-01 2.663e+04    12     2  3.937e-04 | 3.327e-04    12      2  |
   555 5.083e-01 2.665e+04    12     2  3.442e-04 | 3.141e-04    12      2  |
   556 5.083e-01 2.668e+04    12     2  6.439e-04 | 4.760e-04    12      2  |
   557 5.083e-01 2.670e+04    12     2  3.957e-04 | 3.402e-04    12      2  |
   558 5.083e-01 2.673e+04    12     2  3.704e-04 | 3.208e-04    12      2  |
   559 5.083e-01 2.675e+04    12     2  2.264e-04 | 2.473e-04    12      2  |
   560 5.083e-01 2.677e+04    12     2  2.182e-04 | 1.378e-04    12      2  |
   561 5.083e-01 2.680e+04    12     2  1.661e-04 | 1.964e-04    12      2  |
   562 5.083e-01 2.682e+04    12     2  2.106e-04 | 1.308e-04    12      2  |
   563 5.083e-01 2.684e+04    12     2  3.660e-04 | 3.104e-04    12      2  |
   564 5.083e-01 2.687e+04    12     2  3.464e-04 | 2.966e-04    12      2  |
   565 5.083e-01 2.689e+04    12     2  2.532e-04 | 2.361e-04    12      2  |
   566 5.083e-01 2.692e+04    12     2  1.863e-04 | 1.412e-04    12      2  |
   567 5.083e-01 2.694e+04    12     2  1.927e-04 | 1.335e-04    12      2  |
   568 5.083e-01 2.696e+04    12     2  2.846e-04 | 2.514e-04    12      2  |
   569 5.083e-01 2.699e+04    12     2  3.195e-04 | 2.679e-04    12      2  |
   570 5.083e-01 2.701e+04    12     2  2.393e-04 | 1.190e-04    12      2  |
   571 5.083e-01 2.703e+04    12     2  1.894e-04 | 1.846e-04    12      2  |
   572 5.083e-01 2.706e+04    12     2  5.220e-04 | 3.917e-04    12      2  |
   573 5.083e-01 2.708e+04    12     2  1.825e-04 | 1.586e-04    12      2  |
   574 5.083e-01 2.711e+04    12     2  2.291e-04 | 1.256e-04    12      2  |
   575 5.083e-01 2.713e+04    12     2  1.643e-04 | 1.549e-04    12      2  |
   576 5.083e-01 2.715e+04    12     2  1.548e-04 | 1.831e-04    12      2  |
   577 5.083e-01 2.718e+04    12     2  1.593e-04 | 1.687e-04    12      2  |
   578 5.083e-01 2.720e+04    12     2  5.877e-04 | 2.532e-04    13      1  |
   579 5.083e-01 2.722e+04    12     2  4.089e-04 | 1.877e-04    12      2  |
   580 5.083e-01 2.725e+04    12     2  7.593e-04 | 2.789e-04    13      1  |
   581 5.083e-01 2.727e+04    12     2  4.173e-04 | 2.074e-04    12      2  |
   582 5.083e-01 2.729e+04    12     2  2.084e-04 | 1.317e-04    12      2  |
   583 5.083e-01 2.732e+04    12     2  2.520e-04 | 2.400e-04    12      2  |
   584 5.083e-01 2.734e+04    12     2  2.265e-04 | 1.272e-04    12      2  |
   585 5.083e-01 2.736e+04    12     2  2.681e-04 | 1.328e-04    12      2  |
   586 5.083e-01 2.739e+04    12     2  2.555e-04 | 1.303e-04    12      2  |
   587 5.083e-01 2.741e+04    12     2  6.837e-04 | 2.611e-04    13      1  |
   588 5.083e-01 2.743e+04    12     2  4.782e-04 | 2.139e-04    12      2  |
   589 5.083e-01 2.746e+04    12     2  1.981e-04 | 1.261e-04    12      2  |
   590 5.083e-01 2.748e+04    12     2  5.075e-04 | 2.335e-04    12      2  |
   591 5.083e-01 2.750e+04    12     2  8.092e-04 | 2.692e-04    13      1  |
   592 5.083e-01 2.753e+04    12     2  4.767e-04 | 2.152e-04    12      2  |
   593 5.083e-01 2.755e+04    12     2  2.991e-04 | 1.336e-04    12      2  |
   594 5.083e-01 2.757e+04    12     2  2.654e-04 | 1.338e-04    12      2  |
   595 5.083e-01 2.760e+04    12     2  1.946e-04 | 1.766e-04    12      2  |
   596 5.083e-01 2.762e+04    12     2  1.876e-04 | 1.866e-04    12      2  |
   597 5.083e-01 2.764e+04    12     2  4.687e-04 | 3.537e-04    12      2  |
   598 5.083e-01 2.767e+04    12     2  2.065e-04 | 1.196e-04    12      2  |
   599 5.083e-01 2.769e+04    12     2  2.474e-04 | 1.106e-04    12      2  |
 Epoch.   Obj.    alphak      #z   #nz   |egradf| |   optim     #pz    #pnz |
   600 5.083e-01 2.771e+04    12     2  1.901e-04 | 1.275e-04    12      2  |
   601 5.083e-01 2.774e+04    12     2  2.658e-04 | 1.275e-04    12      2  |
   602 5.083e-01 2.776e+04    12     2  2.027e-04 | 1.274e-04    12      2  |
   603 5.083e-01 2.778e+04    12     2  1.837e-04 | 1.713e-04    12      2  |
   604 5.083e-01 2.781e+04    12     2  1.937e-04 | 1.826e-04    12      2  |
   605 5.083e-01 2.783e+04    12     2  1.991e-04 | 1.875e-04    12      2  |
   606 5.083e-01 2.785e+04    12     2  1.815e-04 | 1.312e-04    12      2  |
   607 5.083e-01 2.787e+04    12     2  1.608e-04 | 1.585e-04    12      2  |
   608 5.083e-01 2.790e+04    12     2  4.792e-04 | 2.123e-04    12      2  |
   609 5.083e-01 2.792e+04    12     2  5.571e-04 | 4.106e-04    12      2  |
   610 5.083e-01 2.794e+04    12     2  8.030e-04 | 5.459e-04    12      2  |
   611 5.083e-01 2.797e+04    12     2  2.409e-04 | 2.291e-04    12      2  |
   612 5.083e-01 2.799e+04    12     2  1.609e-04 | 1.428e-04    12      2  |
   613 5.083e-01 2.801e+04    12     2  1.065e-03 | 6.845e-04    12      2  |
   614 5.083e-01 2.803e+04    12     2  5.016e-04 | 3.793e-04    12      2  |
   615 5.083e-01 2.806e+04    12     2  4.048e-04 | 1.843e-04    12      2  |
   616 5.083e-01 2.808e+04    12     2  2.249e-04 | 1.401e-04    12      2  |
   617 5.083e-01 2.810e+04    12     2  4.731e-04 | 2.187e-04    12      2  |
   618 5.083e-01 2.813e+04    12     2  7.687e-04 | 5.283e-04    12      2  |
   619 5.083e-01 2.815e+04    12     2  2.955e-04 | 2.692e-04    12      2  |
   620 5.083e-01 2.817e+04    12     2  2.947e-04 | 1.417e-04    12      2  |
   621 5.083e-01 2.819e+04    12     2  1.652e-04 | 1.386e-04    12      2  |
   622 5.083e-01 2.822e+04    12     2  1.993e-04 | 1.274e-04    12      2  |
   623 5.083e-01 2.824e+04    12     2  3.576e-04 | 3.017e-04    12      2  |
   624 5.083e-01 2.826e+04    12     2  5.334e-04 | 3.868e-04    12      2  |
   625 5.083e-01 2.828e+04    12     2  5.803e-04 | 4.174e-04    12      2  |
   626 5.083e-01 2.831e+04    12     2  3.689e-04 | 3.052e-04    12      2  |
   627 5.083e-01 2.833e+04    12     2  3.074e-04 | 2.688e-04    12      2  |
   628 5.083e-01 2.835e+04    12     2  2.288e-04 | 1.386e-04    12      2  |
   629 5.083e-01 2.837e+04    12     2  2.228e-04 | 2.390e-04    12      2  |
   630 5.083e-01 2.840e+04    12     2  1.828e-04 | 2.002e-04    12      2  |
   631 5.083e-01 2.842e+04    12     2  1.593e-04 | 1.766e-04    12      2  |
   632 5.083e-01 2.844e+04    12     2  3.668e-04 | 3.050e-04    12      2  |
   633 5.083e-01 2.846e+04    12     2  1.707e-04 | 1.898e-04    12      2  |
   634 5.083e-01 2.849e+04    12     2  8.154e-04 | 5.499e-04    12      2  |
   635 5.083e-01 2.851e+04    12     2  2.579e-04 | 2.319e-04    12      2  |
   636 5.083e-01 2.853e+04    12     2  7.829e-04 | 2.538e-04    13      1  |
   637 5.083e-01 2.855e+04    12     2  4.466e-04 | 3.309e-04    12      2  |
   638 5.083e-01 2.858e+04    12     2  6.821e-04 | 4.633e-04    12      2  |
   639 5.083e-01 2.860e+04    12     2  4.942e-04 | 3.551e-04    12      2  |
   640 5.083e-01 2.862e+04    12     2  2.512e-04 | 1.065e-04    12      2  |
   641 5.083e-01 2.864e+04    12     2  1.718e-04 | 1.431e-04    12      2  |
   642 5.083e-01 2.867e+04    12     2  4.361e-04 | 3.293e-04    12      2  |
   643 5.083e-01 2.869e+04    12     2  2.591e-04 | 1.188e-04    12      2  |
   644 5.083e-01 2.871e+04    12     2  1.766e-04 | 1.736e-04    12      2  |
   645 5.083e-01 2.873e+04    12     2  2.509e-04 | 2.355e-04    12      2  |
   646 5.083e-01 2.876e+04    12     2  1.952e-04 | 1.945e-04    12      2  |
   647 5.083e-01 2.878e+04    12     2  2.514e-04 | 1.139e-04    12      2  |
   648 5.083e-01 2.880e+04    12     2  1.839e-04 | 1.627e-04    12      2  |
   649 5.083e-01 2.882e+04    12     2  5.057e-04 | 3.750e-04    12      2  |
 Epoch.   Obj.    alphak      #z   #nz   |egradf| |   optim     #pz    #pnz |
   650 5.083e-01 2.884e+04    12     2  2.153e-04 | 1.101e-04    12      2  |
   651 5.083e-01 2.887e+04    12     2  3.293e-04 | 2.748e-04    12      2  |
   652 5.083e-01 2.889e+04    12     2  1.694e-04 | 1.568e-04    12      2  |
   653 5.083e-01 2.891e+04    12     2  2.209e-04 | 1.145e-04    12      2  |
   654 5.083e-01 2.893e+04    12     2  2.089e-04 | 1.116e-04    12      2  |
   655 5.083e-01 2.896e+04    12     2  2.461e-04 | 2.214e-04    12      2  |
   656 5.083e-01 2.898e+04    12     2  8.545e-04 | 2.758e-04    13      1  |
   657 5.083e-01 2.900e+04    12     2  6.930e-04 | 2.524e-04    13      1  |
   658 5.083e-01 2.902e+04    12     2  1.631e-04 | 1.297e-04    12      2  |
   659 5.083e-01 2.904e+04    12     2  2.649e-04 | 1.307e-04    12      2  |
   660 5.083e-01 2.907e+04    12     2  3.425e-04 | 2.914e-04    12      2  |
   661 5.083e-01 2.909e+04    12     2  1.616e-04 | 1.382e-04    12      2  |
   662 5.083e-01 2.911e+04    12     2  1.657e-04 | 1.380e-04    12      2  |
   663 5.083e-01 2.913e+04    12     2  5.557e-04 | 2.414e-04    13      1  |
   664 5.083e-01 2.915e+04    12     2  2.457e-04 | 1.329e-04    12      2  |
   665 5.083e-01 2.918e+04    12     2  6.937e-04 | 2.510e-04    13      1  |
   666 5.083e-01 2.920e+04    12     2  4.772e-04 | 2.161e-04    12      2  |
   667 5.083e-01 2.922e+04    12     2  4.527e-04 | 2.164e-04    12      2  |
   668 5.083e-01 2.924e+04    12     2  1.336e-04 | 1.518e-04    12      2  |
   669 5.083e-01 2.926e+04    12     2  1.562e-04 | 1.806e-04    12      2  |
   670 5.083e-01 2.928e+04    12     2  1.997e-04 | 1.228e-04    12      2  |
   671 5.083e-01 2.931e+04    12     2  1.455e-04 | 1.385e-04    12      2  |
   672 5.083e-01 2.933e+04    12     2  3.404e-04 | 1.545e-04    12      2  |
   673 5.083e-01 2.935e+04    12     2  3.831e-04 | 1.771e-04    12      2  |
   674 5.083e-01 2.937e+04    12     2  5.305e-04 | 2.321e-04    13      1  |
   675 5.083e-01 2.939e+04    12     2  2.865e-04 | 1.348e-04    12      2  |
   676 5.083e-01 2.942e+04    12     2  1.537e-04 | 1.439e-04    12      2  |
   677 5.083e-01 2.944e+04    12     2  8.761e-04 | 5.755e-04    12      2  |
   678 5.083e-01 2.946e+04    12     2  2.712e-04 | 2.399e-04    12      2  |
   679 5.083e-01 2.948e+04    12     2  6.793e-04 | 4.653e-04    12      2  |
   680 5.083e-01 2.950e+04    12     2  1.689e-04 | 1.372e-04    12      2  |
   681 5.083e-01 2.952e+04    12     2  7.154e-04 | 4.860e-04    12      2  |
   682 5.083e-01 2.955e+04    12     2  3.970e-04 | 3.108e-04    12      2  |
   683 5.083e-01 2.957e+04    12     2  7.704e-04 | 5.152e-04    12      2  |
   684 5.083e-01 2.959e+04    12     2  4.153e-04 | 3.081e-04    12      2  |
   685 5.083e-01 2.961e+04    12     2  1.968e-04 | 1.045e-04    12      2  |
   686 5.083e-01 2.963e+04    12     2  3.999e-04 | 2.987e-04    12      2  |
   687 5.083e-01 2.965e+04    12     2  1.716e-04 | 1.176e-04    12      2  |
   688 5.083e-01 2.968e+04    12     2  4.436e-04 | 3.363e-04    12      2  |
   689 5.083e-01 2.970e+04    12     2  3.672e-04 | 2.940e-04    12      2  |
   690 5.083e-01 2.972e+04    12     2  2.291e-04 | 1.176e-04    12      2  |
   691 5.083e-01 2.974e+04    12     2  1.639e-04 | 1.225e-04    12      2  |
   692 5.083e-01 2.976e+04    12     2  3.330e-04 | 2.834e-04    12      2  |
   693 5.083e-01 2.978e+04    12     2  1.921e-04 | 1.071e-04    12      2  |
   694 5.083e-01 2.980e+04    12     2  1.508e-04 | 1.344e-04    12      2  |
   695 5.083e-01 2.983e+04    12     2  1.322e-04 | 1.528e-04    12      2  |
   696 5.083e-01 2.985e+04    12     2  1.585e-04 | 1.291e-04    12      2  |
   697 5.083e-01 2.987e+04    12     2  4.796e-04 | 2.294e-04    12      2  |
   698 5.083e-01 2.989e+04    12     2  3.249e-04 | 2.859e-04    12      2  |
   699 5.083e-01 2.991e+04    12     2  1.752e-04 | 1.353e-04    12      2  |
 Epoch.   Obj.    alphak      #z   #nz   |egradf| |   optim     #pz    #pnz |
   700 5.083e-01 2.993e+04    12     2  3.308e-04 | 1.570e-04    12      2  |
   701 5.083e-01 2.995e+04    12     2  3.646e-04 | 1.666e-04    12      2  |
   702 5.083e-01 2.998e+04    12     2  5.526e-04 | 2.343e-04    13      1  |
   703 5.083e-01 3.000e+04    12     2  1.407e-04 | 1.560e-04    12      2  |
   704 5.083e-01 3.002e+04    12     2  2.074e-04 | 1.300e-04    12      2  |
   705 5.083e-01 3.004e+04    12     2  2.319e-04 | 2.370e-04    12      2  |
   706 5.083e-01 3.006e+04    12     2  3.071e-04 | 2.776e-04    12      2  |
   707 5.083e-01 3.008e+04    12     2  6.538e-04 | 4.539e-04    12      2  |
   708 5.083e-01 3.010e+04    12     2  3.968e-04 | 3.154e-04    12      2  |
   709 5.083e-01 3.013e+04    12     2  2.297e-04 | 2.227e-04    12      2  |
   710 5.083e-01 3.015e+04    12     2  3.344e-04 | 2.832e-04    12      2  |
   711 5.083e-01 3.017e+04    12     2  3.094e-04 | 1.343e-04    12      2  |
   712 5.083e-01 3.019e+04    12     2  1.849e-04 | 1.936e-04    12      2  |
   713 5.083e-01 3.021e+04    12     2  3.852e-04 | 3.019e-04    12      2  |
   714 5.083e-01 3.023e+04    12     2  8.407e-04 | 5.627e-04    12      2  |
   715 5.083e-01 3.025e+04    12     2  2.416e-04 | 2.364e-04    12      2  |
   716 5.083e-01 3.027e+04    12     2  1.151e-04 | 1.452e-04    12      2  |
   717 5.083e-01 3.029e+04    12     2  1.218e-04 | 1.448e-04    12      2  |
   718 5.083e-01 3.032e+04    12     2  3.327e-04 | 2.914e-04    12      2  |
   719 5.083e-01 3.034e+04    12     2  6.030e-04 | 2.428e-04    13      1  |
   720 5.083e-01 3.036e+04    12     2  2.508e-04 | 1.412e-04    12      2  |
   721 5.083e-01 3.038e+04    12     2  1.296e-04 | 1.779e-04    12      2  |
   722 5.083e-01 3.040e+04    12     2  1.510e-04 | 1.732e-04    12      2  |
   723 5.083e-01 3.042e+04    12     2  2.144e-04 | 1.242e-04    12      2  |
   724 5.083e-01 3.044e+04    12     2  4.887e-04 | 3.747e-04    12      2  |
   725 5.083e-01 3.046e+04    12     2  2.109e-04 | 2.113e-04    12      2  |
   726 5.083e-01 3.048e+04    12     2  1.874e-04 | 2.016e-04    12      2  |
   727 5.083e-01 3.051e+04    12     2  2.967e-04 | 2.469e-04    12      2  |
   728 5.083e-01 3.053e+04    12     2  1.766e-04 | 1.582e-04    12      2  |
   729 5.083e-01 3.055e+04    12     2  3.793e-04 | 2.924e-04    12      2  |
   730 5.083e-01 3.057e+04    12     2  4.335e-04 | 3.246e-04    12      2  |
   731 5.083e-01 3.059e+04    12     2  2.235e-04 | 1.894e-04    12      2  |
   732 5.083e-01 3.061e+04    12     2  1.561e-04 | 1.369e-04    12      2  |
   733 5.083e-01 3.063e+04    12     2  3.446e-04 | 1.423e-04    12      2  |
   734 5.083e-01 3.065e+04    12     2  1.644e-04 | 1.527e-04    12      2  |
   735 5.083e-01 3.067e+04    12     2  1.614e-04 | 1.374e-04    12      2  |
   736 5.083e-01 3.069e+04    12     2  2.961e-04 | 1.163e-04    12      2  |
   737 5.083e-01 3.071e+04    12     2  1.853e-04 | 9.814e-05    12      2  |
   738 5.083e-01 3.074e+04    12     2  1.981e-04 | 1.060e-04    12      2  |
   739 5.083e-01 3.076e+04    12     2  2.418e-04 | 1.130e-04    12      2  |
   740 5.083e-01 3.078e+04    12     2  6.521e-04 | 4.414e-04    12      2  |
   741 5.083e-01 3.080e+04    12     2  1.724e-04 | 1.056e-04    12      2  |
   742 5.083e-01 3.082e+04    12     2  2.912e-04 | 2.387e-04    12      2  |
   743 5.083e-01 3.084e+04    12     2  5.326e-04 | 2.172e-04    13      1  |
   744 5.083e-01 3.086e+04    12     2  2.448e-04 | 2.095e-04    12      2  |
   745 5.083e-01 3.088e+04    12     2  1.705e-04 | 1.277e-04    12      2  |
   746 5.083e-01 3.090e+04    12     2  1.774e-04 | 1.022e-04    12      2  |
   747 5.083e-01 3.092e+04    12     2  2.510e-04 | 2.219e-04    12      2  |
   748 5.083e-01 3.094e+04    12     2  1.636e-04 | 1.348e-04    12      2  |
   749 5.083e-01 3.096e+04    12     2  2.836e-04 | 2.252e-04    12      2  |
 Epoch.   Obj.    alphak      #z   #nz   |egradf| |   optim     #pz    #pnz |
   750 5.083e-01 3.098e+04    12     2  2.435e-04 | 2.121e-04    12      2  |
   751 5.083e-01 3.100e+04    12     2  1.806e-04 | 1.801e-04    12      2  |
   752 5.083e-01 3.103e+04    12     2  1.462e-04 | 1.251e-04    12      2  |
   753 5.083e-01 3.105e+04    12     2  4.469e-04 | 3.345e-04    12      2  |
   754 5.083e-01 3.107e+04    12     2  1.422e-04 | 1.447e-04    12      2  |
   755 5.083e-01 3.109e+04    12     2  1.390e-04 | 1.645e-04    12      2  |
   756 5.083e-01 3.111e+04    12     2  3.425e-04 | 1.522e-04    12      2  |
   757 5.083e-01 3.113e+04    12     2  1.339e-04 | 1.613e-04    12      2  |
   758 5.083e-01 3.115e+04    12     2  2.621e-04 | 2.442e-04    12      2  |
   759 5.083e-01 3.117e+04    12     2  1.196e-04 | 1.551e-04    12      2  |
   760 5.083e-01 3.119e+04    12     2  4.211e-04 | 1.984e-04    12      2  |
   761 5.083e-01 3.121e+04    12     2  5.580e-04 | 2.292e-04    13      1  |
   762 5.083e-01 3.123e+04    12     2  3.111e-04 | 1.443e-04    12      2  |
   763 5.083e-01 3.125e+04    12     2  1.425e-04 | 1.661e-04    12      2  |
   764 5.083e-01 3.127e+04    12     2  7.370e-04 | 5.012e-04    12      2  |
   765 5.083e-01 3.129e+04    12     2  3.502e-04 | 2.968e-04    12      2  |
   766 5.083e-01 3.131e+04    12     2  2.279e-04 | 1.131e-04    12      2  |
   767 5.083e-01 3.133e+04    12     2  2.065e-04 | 1.152e-04    12      2  |
   768 5.083e-01 3.135e+04    12     2  4.620e-04 | 1.977e-04    13      1  |
   769 5.083e-01 3.137e+04    12     2  4.910e-04 | 2.021e-04    13      1  |
   770 5.083e-01 3.139e+04    12     2  6.046e-04 | 2.272e-04    13      1  |
   771 5.083e-01 3.141e+04    12     2  5.951e-04 | 2.226e-04    13      1  |
   772 5.083e-01 3.144e+04    12     2  2.664e-04 | 1.147e-04    12      2  |
   773 5.083e-01 3.146e+04    12     2  2.236e-04 | 9.823e-05    12      2  |
   774 5.083e-01 3.148e+04    12     2  3.411e-04 | 2.703e-04    12      2  |
   775 5.083e-01 3.150e+04    12     2  1.193e-03 | 7.384e-04    12      2  |
   776 5.083e-01 3.152e+04    12     2  4.567e-04 | 3.405e-04    12      2  |
   777 5.083e-01 3.154e+04    12     2  2.521e-04 | 2.288e-04    12      2  |
   778 5.083e-01 3.156e+04    12     2  5.052e-04 | 2.153e-04    13      1  |
   779 5.083e-01 3.158e+04    12     2  5.687e-04 | 2.278e-04    13      1  |
   780 5.083e-01 3.160e+04    12     2  2.782e-04 | 1.356e-04    12      2  |
   781 5.083e-01 3.162e+04    12     2  2.877e-04 | 2.537e-04    12      2  |
   782 5.083e-01 3.164e+04    12     2  1.431e-04 | 1.184e-04    12      2  |
   783 5.083e-01 3.166e+04    12     2  2.410e-04 | 1.244e-04    12      2  |
   784 5.083e-01 3.168e+04    12     2  2.780e-04 | 1.336e-04    12      2  |
   785 5.083e-01 3.170e+04    12     2  6.088e-04 | 2.287e-04    13      1  |
   786 5.083e-01 3.172e+04    12     2  8.364e-04 | 2.687e-04    13      1  |
   787 5.083e-01 3.174e+04    12     2  6.434e-04 | 2.341e-04    13      1  |
   788 5.083e-01 3.176e+04    12     2  4.024e-04 | 1.771e-04    12      2  |
   789 5.083e-01 3.178e+04    12     2  1.284e-04 | 1.342e-04    12      2  |
   790 5.083e-01 3.180e+04    12     2  2.041e-04 | 1.106e-04    12      2  |
   791 5.083e-01 3.182e+04    12     2  3.319e-04 | 2.737e-04    12      2  |
   792 5.083e-01 3.184e+04    12     2  1.364e-04 | 1.269e-04    12      2  |
   793 5.083e-01 3.186e+04    12     2  1.498e-04 | 1.478e-04    12      2  |
   794 5.083e-01 3.188e+04    12     2  3.132e-04 | 1.385e-04    12      2  |
   795 5.083e-01 3.190e+04    12     2  3.158e-04 | 2.666e-04    12      2  |
   796 5.083e-01 3.192e+04    12     2  1.780e-04 | 1.898e-04    12      2  |
   797 5.083e-01 3.194e+04    12     2  1.395e-04 | 1.437e-04    12      2  |
   798 5.083e-01 3.196e+04    12     2  1.671e-04 | 1.795e-04    12      2  |
   799 5.083e-01 3.198e+04    12     2  3.142e-04 | 1.479e-04    12      2  |
 Epoch.   Obj.    alphak      #z   #nz   |egradf| |   optim     #pz    #pnz |
   800 5.083e-01 3.200e+04    12     2  2.648e-04 | 1.202e-04    12      2  |
   801 5.083e-01 3.202e+04    12     2  4.751e-04 | 2.066e-04    13      1  |
   802 5.083e-01 3.204e+04    12     2  1.485e-04 | 1.446e-04    12      2  |
   803 5.083e-01 3.206e+04    12     2  1.527e-04 | 1.141e-04    12      2  |
   804 5.083e-01 3.208e+04    12     2  3.340e-04 | 1.409e-04    12      2  |
   805 5.083e-01 3.210e+04    12     2  4.790e-04 | 2.005e-04    13      1  |
   806 5.083e-01 3.212e+04    12     2  5.095e-04 | 2.074e-04    13      1  |
   807 5.083e-01 3.214e+04    12     2  6.717e-04 | 2.342e-04    13      1  |
   808 5.083e-01 3.216e+04    12     2  5.035e-04 | 2.100e-04    13      1  |
   809 5.083e-01 3.218e+04    12     2  1.374e-04 | 1.611e-04    12      2  |
   810 5.083e-01 3.220e+04    12     2  5.756e-04 | 4.045e-04    12      2  |
   811 5.083e-01 3.222e+04    12     2  1.354e-04 | 1.296e-04    12      2  |
   812 5.083e-01 3.224e+04    12     2  3.500e-04 | 1.570e-04    12      2  |
   813 5.083e-01 3.226e+04    12     2  3.075e-04 | 2.612e-04    12      2  |
   814 5.083e-01 3.228e+04    12     2  6.593e-04 | 4.541e-04    12      2  |
   815 5.083e-01 3.230e+04    12     2  1.683e-04 | 1.736e-04    12      2  |
   816 5.083e-01 3.232e+04    12     2  1.455e-04 | 1.340e-04    12      2  |
   817 5.083e-01 3.234e+04    12     2  3.107e-04 | 2.623e-04    12      2  |
   818 5.083e-01 3.236e+04    12     2  1.811e-04 | 1.788e-04    12      2  |
   819 5.083e-01 3.238e+04    12     2  1.307e-04 | 1.245e-04    12      2  |
   820 5.083e-01 3.240e+04    12     2  3.487e-04 | 2.794e-04    12      2  |
   821 5.083e-01 3.242e+04    12     2  3.233e-04 | 2.622e-04    12      2  |
   822 5.083e-01 3.244e+04    12     2  5.273e-04 | 3.775e-04    12      2  |
   823 5.083e-01 3.246e+04    12     2  1.846e-04 | 1.848e-04    12      2  |
   824 5.083e-01 3.248e+04    12     2  2.220e-04 | 1.155e-04    12      2  |
   825 5.083e-01 3.250e+04    12     2  4.144e-04 | 3.151e-04    12      2  |
   826 5.083e-01 3.252e+04    12     2  1.509e-04 | 1.083e-04    12      2  |
   827 5.083e-01 3.254e+04    12     2  6.114e-04 | 4.228e-04    12      2  |
   828 5.083e-01 3.256e+04    12     2  4.179e-04 | 1.855e-04    12      2  |
   829 5.083e-01 3.257e+04    12     2  4.141e-04 | 1.853e-04    12      2  |
   830 5.083e-01 3.259e+04    12     2  2.864e-04 | 1.288e-04    12      2  |
   831 5.083e-01 3.261e+04    12     2  2.632e-04 | 2.297e-04    12      2  |
   832 5.083e-01 3.263e+04    12     2  2.697e-04 | 2.302e-04    12      2  |
   833 5.083e-01 3.265e+04    12     2  3.054e-04 | 2.402e-04    12      2  |
   834 5.083e-01 3.267e+04    12     2  1.916e-04 | 9.548e-05    12      2  |
   835 5.083e-01 3.269e+04    12     2  1.539e-04 | 1.060e-04    12      2  |
   836 5.083e-01 3.271e+04    12     2  4.643e-04 | 2.021e-04    13      1  |
   837 5.083e-01 3.273e+04    12     2  5.371e-04 | 2.088e-04    13      1  |
   838 5.083e-01 3.275e+04    12     2  1.991e-04 | 2.047e-04    12      2  |
   839 5.083e-01 3.277e+04    12     2  1.179e-04 | 1.564e-04    12      2  |
   840 5.083e-01 3.279e+04    12     2  2.568e-04 | 1.251e-04    12      2  |
   841 5.083e-01 3.281e+04    12     2  1.280e-04 | 1.580e-04    12      2  |
   842 5.083e-01 3.283e+04    12     2  4.221e-04 | 1.916e-04    12      2  |
   843 5.083e-01 3.285e+04    12     2  1.840e-04 | 1.766e-04    12      2  |
   844 5.083e-01 3.287e+04    12     2  1.448e-04 | 1.106e-04    12      2  |
   845 5.083e-01 3.289e+04    12     2  1.437e-04 | 1.389e-04    12      2  |
   846 5.083e-01 3.291e+04    12     2  4.424e-04 | 1.917e-04    13      1  |
   847 5.083e-01 3.293e+04    12     2  4.575e-04 | 1.929e-04    13      1  |
   848 5.083e-01 3.295e+04    12     2  6.704e-04 | 2.248e-04    13      1  |
   849 5.083e-01 3.297e+04    12     2  5.885e-04 | 2.147e-04    13      1  |
 Epoch.   Obj.    alphak      #z   #nz   |egradf| |   optim     #pz    #pnz |
   850 5.083e-01 3.298e+04    12     2  3.553e-04 | 1.574e-04    12      2  |
   851 5.083e-01 3.300e+04    12     2  2.647e-04 | 1.185e-04    12      2  |
   852 5.083e-01 3.302e+04    12     2  4.490e-04 | 1.911e-04    13      1  |
   853 5.083e-01 3.304e+04    12     2  4.553e-04 | 1.957e-04    13      1  |
   854 5.083e-01 3.306e+04    12     2  1.182e-04 | 1.432e-04    12      2  |
   855 5.083e-01 3.308e+04    12     2  1.403e-04 | 1.127e-04    12      2  |
   856 5.083e-01 3.310e+04    12     2  4.482e-04 | 3.299e-04    12      2  |
   857 5.083e-01 3.312e+04    12     2  8.325e-04 | 5.356e-04    12      2  |
   858 5.083e-01 3.314e+04    12     2  8.539e-04 | 5.468e-04    12      2  |
   859 5.083e-01 3.316e+04    12     2  3.347e-04 | 2.554e-04    12      2  |
   860 5.083e-01 3.318e+04    12     2  7.808e-04 | 5.070e-04    12      2  |
   861 5.083e-01 3.320e+04    12     2  4.745e-04 | 3.374e-04    12      2  |
   862 5.083e-01 3.322e+04    12     2  1.638e-04 | 1.618e-04    12      2  |
   863 5.083e-01 3.324e+04    12     2  1.361e-04 | 1.137e-04    12      2  |
   864 5.083e-01 3.326e+04    12     2  6.261e-04 | 4.237e-04    12      2  |
   865 5.083e-01 3.327e+04    12     2  1.396e-04 | 1.339e-04    12      2  |
   866 5.083e-01 3.329e+04    12     2  5.582e-04 | 2.042e-04    13      1  |
   867 5.083e-01 3.331e+04    12     2  1.850e-04 | 1.868e-04    12      2  |
   868 5.083e-01 3.333e+04    12     2  4.458e-04 | 1.957e-04    13      1  |
   869 5.083e-01 3.335e+04    12     2  2.092e-04 | 1.094e-04    12      2  |
   870 5.083e-01 3.337e+04    12     2  2.084e-04 | 1.936e-04    12      2  |
   871 5.083e-01 3.339e+04    12     2  2.900e-04 | 1.210e-04    12      2  |
   872 5.083e-01 3.341e+04    12     2  2.639e-04 | 1.092e-04    12      2  |
   873 5.083e-01 3.343e+04    12     2  2.567e-04 | 1.112e-04    12      2  |
   874 5.083e-01 3.345e+04    12     2  1.519e-04 | 1.019e-04    12      2  |
   875 5.083e-01 3.347e+04    12     2  5.658e-04 | 1.985e-04    13      1  |
   876 5.083e-01 3.349e+04    12     2  1.930e-04 | 1.710e-04    12      2  |
   877 5.083e-01 3.350e+04    12     2  1.744e-04 | 9.831e-05    12      2  |
   878 5.083e-01 3.352e+04    12     2  2.389e-04 | 2.074e-04    12      2  |
   879 5.083e-01 3.354e+04    12     2  4.738e-04 | 1.992e-04    13      1  |
   880 5.083e-01 3.356e+04    12     2  2.373e-04 | 1.091e-04    12      2  |
   881 5.083e-01 3.358e+04    12     2  2.267e-04 | 1.071e-04    12      2  |
   882 5.083e-01 3.360e+04    12     2  1.900e-04 | 9.483e-05    12      2  |
   883 5.083e-01 3.362e+04    12     2  2.479e-04 | 1.015e-04    12      2  |
   884 5.083e-01 3.364e+04    12     2  2.823e-04 | 2.247e-04    12      2  |
   885 5.083e-01 3.366e+04    12     2  3.227e-04 | 1.275e-04    12      2  |
   886 5.083e-01 3.368e+04    12     2  7.178e-04 | 2.315e-04    13      1  |
   887 5.083e-01 3.370e+04    12     2  4.434e-04 | 1.924e-04    13      1  |
   888 5.083e-01 3.371e+04    12     2  1.554e-04 | 1.045e-04    12      2  |
   889 5.083e-01 3.373e+04    12     2  1.877e-04 | 9.903e-05    12      2  |
   890 5.083e-01 3.375e+04    12     2  7.511e-04 | 2.313e-04    13      1  |
   891 5.083e-01 3.377e+04    12     2  4.072e-04 | 1.845e-04    12      2  |
   892 5.083e-01 3.379e+04    12     2  2.894e-04 | 1.335e-04    12      2  |
   893 5.083e-01 3.381e+04    12     2  1.410e-04 | 1.081e-04    12      2  |
   894 5.083e-01 3.383e+04    12     2  2.854e-04 | 1.293e-04    12      2  |
   895 5.083e-01 3.385e+04    12     2  2.599e-04 | 1.145e-04    12      2  |
   896 5.083e-01 3.387e+04    12     2  2.539e-04 | 1.092e-04    12      2  |
   897 5.083e-01 3.388e+04    12     2  2.682e-04 | 2.262e-04    12      2  |
   898 5.083e-01 3.390e+04    12     2  1.871e-04 | 1.701e-04    12      2  |
   899 5.083e-01 3.392e+04    12     2  1.469e-04 | 1.150e-04    12      2  |
 Epoch.   Obj.    alphak      #z   #nz   |egradf| |   optim     #pz    #pnz |
   900 5.083e-01 3.394e+04    12     2  2.756e-04 | 9.572e-05    12      2  |
   901 5.083e-01 3.396e+04    12     2  1.887e-04 | 8.301e-05    12      2  |
   902 5.083e-01 3.398e+04    12     2  2.309e-04 | 8.382e-05    12      2  |
   903 5.083e-01 3.400e+04    12     2  3.118e-04 | 2.327e-04    12      2  |
   904 5.083e-01 3.402e+04    12     2  6.211e-04 | 4.172e-04    12      2  |
   905 5.083e-01 3.404e+04    12     2  2.202e-04 | 1.812e-04    12      2  |
   906 5.083e-01 3.405e+04    12     2  2.773e-04 | 9.519e-05    12      2  |
   907 5.083e-01 3.407e+04    12     2  3.993e-04 | 2.949e-04    12      2  |
   908 5.083e-01 3.409e+04    12     2  2.843e-04 | 2.289e-04    12      2  |
   909 5.083e-01 3.411e+04    12     2  3.454e-04 | 2.666e-04    12      2  |
   910 5.083e-01 3.413e+04    12     2  1.664e-04 | 1.590e-04    12      2  |
   911 5.083e-01 3.415e+04    12     2  1.971e-04 | 9.019e-05    12      2  |
   912 5.083e-01 3.417e+04    12     2  1.473e-04 | 1.009e-04    12      2  |
   913 5.083e-01 3.419e+04    12     2  4.897e-04 | 1.859e-04    13      1  |
   914 5.083e-01 3.420e+04    12     2  6.787e-04 | 2.193e-04    13      1  |
   915 5.083e-01 3.422e+04    12     2  6.471e-04 | 2.124e-04    13      1  |
   916 5.083e-01 3.424e+04    12     2  2.048e-04 | 9.109e-05    12      2  |
   917 5.083e-01 3.426e+04    12     2  4.445e-04 | 3.195e-04    12      2  |
   918 5.083e-01 3.428e+04    12     2  2.642e-04 | 1.076e-04    12      2  |
   919 5.083e-01 3.430e+04    12     2  2.276e-04 | 1.011e-04    12      2  |
   920 5.083e-01 3.432e+04    12     2  2.542e-04 | 1.053e-04    12      2  |
   921 5.083e-01 3.433e+04    12     2  2.520e-04 | 2.014e-04    12      2  |
   922 5.083e-01 3.435e+04    12     2  1.831e-04 | 8.249e-05    12      2  |
   923 5.083e-01 3.437e+04    12     2  3.333e-04 | 1.315e-04    12      2  |
   924 5.083e-01 3.439e+04    12     2  5.688e-04 | 1.984e-04    13      1  |
   925 5.083e-01 3.441e+04    12     2  4.199e-04 | 1.815e-04    13      1  |
   926 5.083e-01 3.443e+04    12     2  2.911e-04 | 1.245e-04    12      2  |
   927 5.083e-01 3.445e+04    12     2  1.353e-04 | 1.146e-04    12      2  |
   928 5.083e-01 3.447e+04    12     2  2.511e-04 | 2.061e-04    12      2  |
   929 5.083e-01 3.448e+04    12     2  4.450e-04 | 3.155e-04    12      2  |
   930 5.083e-01 3.450e+04    12     2  4.395e-04 | 3.134e-04    12      2  |
   931 5.083e-01 3.452e+04    12     2  2.861e-04 | 2.243e-04    12      2  |
   932 5.083e-01 3.454e+04    12     2  1.992e-04 | 7.370e-05    12      2  |
   933 5.083e-01 3.456e+04    12     2  1.911e-04 | 7.180e-05    12      2  |
   934 5.083e-01 3.458e+04    12     2  3.321e-04 | 1.242e-04    12      2  |
   935 5.083e-01 3.459e+04    12     2  5.513e-04 | 1.934e-04    13      1  |
   936 5.083e-01 3.461e+04    12     2  6.372e-04 | 1.992e-04    13      1  |
   937 5.083e-01 3.463e+04    12     2  3.824e-04 | 1.624e-04    12      2  |
   938 5.083e-01 3.465e+04    12     2  6.082e-04 | 2.019e-04    13      1  |
   939 5.083e-01 3.467e+04    12     2  2.560e-04 | 1.009e-04    12      2  |
   940 5.083e-01 3.469e+04    12     2  2.584e-04 | 2.100e-04    12      2  |
   941 5.083e-01 3.471e+04    12     2  2.415e-04 | 1.043e-04    12      2  |
   942 5.083e-01 3.472e+04    12     2  1.782e-04 | 1.682e-04    12      2  |
   943 5.083e-01 3.474e+04    12     2  1.832e-04 | 1.802e-04    12      2  |
   944 5.083e-01 3.476e+04    12     2  1.186e-04 | 1.316e-04    12      2  |
   945 5.083e-01 3.478e+04    12     2  4.615e-04 | 1.941e-04    13      1  |
   946 5.083e-01 3.480e+04    12     2  2.499e-04 | 1.168e-04    12      2  |
   947 5.083e-01 3.482e+04    12     2  4.054e-04 | 1.901e-04    12      2  |
   948 5.083e-01 3.483e+04    12     2  5.286e-04 | 2.079e-04    13      1  |
   949 5.083e-01 3.485e+04    12     2  2.910e-04 | 1.380e-04    12      2  |
 Epoch.   Obj.    alphak      #z   #nz   |egradf| |   optim     #pz    #pnz |
   950 5.083e-01 3.487e+04    12     2  6.441e-04 | 2.315e-04    13      1  |
   951 5.083e-01 3.489e+04    12     2  3.912e-04 | 1.840e-04    12      2  |
   952 5.083e-01 3.491e+04    12     2  6.062e-04 | 2.196e-04    13      1  |
   953 5.083e-01 3.493e+04    12     2  1.051e-03 | 2.876e-04    13      1  |
   954 5.083e-01 3.494e+04    12     2  5.693e-04 | 2.188e-04    13      1  |
   955 5.083e-01 3.496e+04    12     2  4.613e-04 | 2.047e-04    13      1  |
   956 5.083e-01 3.498e+04    12     2  7.720e-04 | 2.445e-04    13      1  |
   957 5.083e-01 3.500e+04    12     2  4.728e-04 | 1.970e-04    13      1  |
   958 5.083e-01 3.502e+04    12     2  1.239e-04 | 1.140e-04    12      2  |
   959 5.083e-01 3.504e+04    12     2  1.453e-04 | 1.705e-04    12      2  |
   960 5.083e-01 3.505e+04    12     2  1.065e-04 | 1.415e-04    12      2  |
   961 5.083e-01 3.507e+04    12     2  1.458e-04 | 1.127e-04    12      2  |
   962 5.083e-01 3.509e+04    12     2  5.450e-04 | 2.101e-04    13      1  |
   963 5.083e-01 3.511e+04    12     2  2.140e-04 | 1.152e-04    12      2  |
   964 5.083e-01 3.513e+04    12     2  1.601e-04 | 1.068e-04    12      2  |
   965 5.083e-01 3.515e+04    12     2  1.125e-04 | 1.189e-04    12      2  |
   966 5.083e-01 3.516e+04    12     2  1.883e-04 | 9.907e-05    12      2  |
   967 5.083e-01 3.518e+04    12     2  4.049e-04 | 1.813e-04    12      2  |
   968 5.083e-01 3.520e+04    12     2  1.169e-04 | 1.415e-04    12      2  |
   969 5.083e-01 3.522e+04    12     2  1.964e-04 | 1.971e-04    12      2  |
   970 5.083e-01 3.524e+04    12     2  1.215e-04 | 1.147e-04    12      2  |
   971 5.083e-01 3.525e+04    12     2  1.301e-04 | 1.596e-04    12      2  |
   972 5.083e-01 3.527e+04    12     2  3.834e-04 | 1.730e-04    12      2  |
   973 5.083e-01 3.529e+04    12     2  1.669e-04 | 1.661e-04    12      2  |
   974 5.083e-01 3.531e+04    12     2  1.211e-04 | 1.114e-04    12      2  |
   975 5.083e-01 3.533e+04    12     2  3.749e-04 | 2.828e-04    12      2  |
   976 5.083e-01 3.535e+04    12     2  2.938e-04 | 2.401e-04    12      2  |
   977 5.083e-01 3.536e+04    12     2  2.770e-04 | 2.271e-04    12      2  |
   978 5.083e-01 3.538e+04    12     2  2.951e-04 | 1.345e-04    12      2  |
   979 5.083e-01 3.540e+04    12     2  1.102e-04 | 1.158e-04    12      2  |
   980 5.083e-01 3.542e+04    12     2  2.587e-04 | 1.235e-04    12      2  |
   981 5.083e-01 3.544e+04    12     2  1.892e-04 | 1.027e-04    12      2  |
   982 5.083e-01 3.545e+04    12     2  2.179e-04 | 1.972e-04    12      2  |
   983 5.083e-01 3.547e+04    12     2  1.192e-04 | 1.095e-04    12      2  |
   984 5.083e-01 3.549e+04    12     2  1.110e-04 | 1.170e-04    12      2  |
   985 5.083e-01 3.551e+04    12     2  3.113e-04 | 1.377e-04    12      2  |
   986 5.083e-01 3.553e+04    12     2  1.394e-04 | 1.534e-04    12      2  |
   987 5.083e-01 3.554e+04    12     2  3.749e-04 | 1.610e-04    12      2  |
   988 5.083e-01 3.556e+04    12     2  1.910e-04 | 9.924e-05    12      2  |
   989 5.083e-01 3.558e+04    12     2  1.527e-04 | 1.560e-04    12      2  |
   990 5.083e-01 3.560e+04    12     2  1.718e-04 | 9.234e-05    12      2  |
   991 5.083e-01 3.562e+04    12     2  2.454e-04 | 1.085e-04    12      2  |
   992 5.083e-01 3.563e+04    12     2  1.433e-04 | 1.419e-04    12      2  |
   993 5.083e-01 3.565e+04    12     2  4.032e-04 | 2.949e-04    12      2  |
   994 5.083e-01 3.567e+04    12     2  1.755e-04 | 1.696e-04    12      2  |
   995 5.083e-01 3.569e+04    12     2  1.749e-04 | 1.669e-04    12      2  |
   996 5.083e-01 3.571e+04    12     2  1.791e-04 | 1.609e-04    12      2  |
   997 5.083e-01 3.572e+04    12     2  2.678e-04 | 2.153e-04    12      2  |
   998 5.083e-01 3.574e+04    12     2  3.014e-04 | 2.347e-04    12      2  |
   999 5.083e-01 3.576e+04    12     2  3.776e-04 | 2.724e-04    12      2  |
  1000 5.083e-01 3.578e+04    12     2  4.597e-04 | 3.185e-04    12      2  |

==============================
Exit: Iteration limit reached

Final Results
==============================
Epochs:1000
# Data pass:1000
CPU seconds:77.4167
# zero groups(best):12
# zero groups(end):12
Obj. F(best):5.082892e-01
Obj. F(end):5.082912e-01
Optim.(end):3.185485e-04
