
================================================================================
       Solver:Pstorm    Version: 0.1 (2023-05-02)  
================================================================================
Problem Summary: Excuted at 2023-05-04 13:59:59.681230
Dataset:.............................................a9a
Data Size:......................................n=32561, p=123
Loss Function:..................................Logistic
Regularizer:....................................Overlapping Group L1
Penalty Parameter:..............................lambda=0.0036
Number of groups:..............................14

Algorithm Parameters:
 Termination Conditions:
    accuracy: -1.0 | optim scaled: True | time limits:43200.0 | epoch limits:100
 Sampling Setups: batchsize: 256 | shuffle: True
 Proximal Stepsize update: diminishing
 Compute Optimality measure: True
Inexact Proximal Solver:
 exact solve:False | ipg_strategy:diminishing | ipg_do_linesearch:True
 ipg_diminishing_c:1 | ipg_diminishing_delta:2
 ipg_linesearch_eta:0.0001 | ipg_linesearch_xi:0.8 | ipg_linesearch_beta:1.2
****************************************************************************************************
 Epoch.   Obj.    alphak     betak      #z   #nz   |egradf| |   optim     #pz    #pnz |
     0 6.931e-01 5.000e-01 1.000e+00    14     0  1.109e+18 | 1.488e-01     0     14  |
     1 5.620e-01 1.559e-01 3.893e-02     4    10  2.587e-03 | 2.955e-02     4     10  |
     2 5.507e-01 1.244e-01 2.445e-02     5     9  1.640e-03 | 2.367e-02     5      9  |
     3 5.447e-01 1.088e-01 1.860e-02     5     9  2.079e-03 | 1.873e-02     5      9  |
     4 5.407e-01 9.896e-02 1.532e-02     6     8  1.202e-03 | 1.663e-02     6      8  |
     5 5.377e-01 9.191e-02 1.317e-02     6     8  1.533e-03 | 1.528e-02     6      8  |
     6 5.353e-01 8.652e-02 1.165e-02     6     8  1.283e-03 | 1.412e-02     6      8  |
     7 5.334e-01 8.221e-02 1.050e-02     6     8  7.414e-04 | 1.335e-02     6      8  |
     8 5.317e-01 7.864e-02 9.593e-03     6     8  4.766e-04 | 1.260e-02     6      8  |
     9 5.302e-01 7.563e-02 8.860e-03     6     8  4.876e-04 | 1.209e-02     6      8  |
    10 5.289e-01 7.302e-02 8.252e-03     6     8  4.666e-04 | 1.160e-02     6      8  |
    11 5.278e-01 7.075e-02 7.738e-03     6     8  4.708e-04 | 1.121e-02     6      8  |
    12 5.268e-01 6.873e-02 7.297e-03     8     6  5.512e-04 | 9.719e-03     8      6  |
    13 5.261e-01 6.693e-02 6.913e-03     8     6  4.796e-04 | 9.309e-03     8      6  |
    14 5.254e-01 6.530e-02 6.576e-03     8     6  2.700e-04 | 8.954e-03     8      6  |
    15 5.248e-01 6.381e-02 6.278e-03     8     6  2.003e-04 | 8.676e-03     8      6  |
    16 5.242e-01 6.246e-02 6.010e-03     8     6  4.688e-04 | 8.421e-03     8      6  |
    17 5.237e-01 6.121e-02 5.770e-03     8     6  2.759e-04 | 8.180e-03     8      6  |
    18 5.232e-01 6.006e-02 5.552e-03     8     6  2.497e-04 | 8.018e-03     8      6  |
    19 5.227e-01 5.899e-02 5.353e-03     8     6  2.534e-04 | 7.870e-03     8      6  |
    20 5.223e-01 5.799e-02 5.171e-03     8     6  3.251e-04 | 7.682e-03     8      6  |
    21 5.219e-01 5.706e-02 5.004e-03     8     6  2.975e-04 | 7.524e-03     8      6  |
    22 5.215e-01 5.618e-02 4.850e-03     8     6  2.589e-04 | 7.464e-03     8      6  |
    23 5.211e-01 5.535e-02 4.707e-03     8     6  1.952e-04 | 7.291e-03     8      6  |
    24 5.207e-01 5.458e-02 4.574e-03     8     6  2.171e-04 | 7.163e-03     8      6  |
    25 5.204e-01 5.384e-02 4.450e-03     8     6  3.095e-04 | 7.069e-03     8      6  |
    26 5.201e-01 5.314e-02 4.334e-03     8     6  2.201e-04 | 7.074e-03     8      6  |
    27 5.197e-01 5.248e-02 4.225e-03     8     6  2.208e-04 | 6.914e-03     8      6  |
    28 5.194e-01 5.184e-02 4.123e-03     8     6  2.053e-04 | 6.805e-03     8      6  |
    29 5.191e-01 5.124e-02 4.026e-03     8     6  1.898e-04 | 6.785e-03     8      6  |
    30 5.189e-01 5.067e-02 3.936e-03     8     6  3.035e-04 | 6.694e-03     8      6  |
    31 5.186e-01 5.012e-02 3.850e-03     8     6  1.684e-04 | 6.646e-03     8      6  |
    32 5.183e-01 4.959e-02 3.768e-03     8     6  1.988e-04 | 6.588e-03     8      6  |
    33 5.180e-01 4.908e-02 3.691e-03     8     6  1.847e-04 | 6.551e-03     8      6  |
    34 5.178e-01 4.860e-02 3.618e-03     8     6  1.954e-04 | 6.453e-03     8      6  |
    35 5.175e-01 4.813e-02 3.548e-03     8     6  1.623e-04 | 6.425e-03     8      6  |
    36 5.173e-01 4.768e-02 3.481e-03     8     6  2.674e-04 | 6.341e-03     8      6  |
    37 5.170e-01 4.725e-02 3.418e-03     8     6  1.567e-04 | 6.321e-03     8      6  |
    38 5.168e-01 4.683e-02 3.357e-03     8     6  2.299e-04 | 6.270e-03     8      6  |
    39 5.166e-01 4.643e-02 3.299e-03     8     6  2.688e-04 | 6.241e-03     8      6  |
    40 5.164e-01 4.604e-02 3.243e-03     8     6  2.766e-04 | 6.195e-03     8      6  |
    41 5.162e-01 4.566e-02 3.190e-03     8     6  2.012e-04 | 6.167e-03     8      6  |
    42 5.159e-01 4.530e-02 3.138e-03     9     5  1.438e-04 | 5.871e-03     9      5  |
    43 5.158e-01 4.494e-02 3.089e-03     9     5  1.596e-04 | 5.820e-03     9      5  |
    44 5.156e-01 4.460e-02 3.042e-03     9     5  1.716e-04 | 5.743e-03     9      5  |
    45 5.154e-01 4.427e-02 2.996e-03     9     5  1.769e-04 | 5.686e-03     9      5  |
    46 5.152e-01 4.394e-02 2.952e-03     9     5  1.549e-04 | 5.649e-03     9      5  |
    47 5.150e-01 4.363e-02 2.910e-03     9     5  1.737e-04 | 5.618e-03     9      5  |
    48 5.149e-01 4.333e-02 2.869e-03     9     5  2.847e-04 | 5.589e-03     9      5  |
    49 5.147e-01 4.303e-02 2.829e-03     9     5  1.957e-04 | 5.570e-03     9      5  |
 Epoch.   Obj.    alphak     betak      #z   #nz   |egradf| |   optim     #pz    #pnz |
    50 5.145e-01 4.274e-02 2.791e-03     9     5  1.982e-04 | 5.490e-03     9      5  |
    51 5.144e-01 4.246e-02 2.754e-03     9     5  2.315e-04 | 5.436e-03     9      5  |
    52 5.142e-01 4.219e-02 2.719e-03     9     5  2.070e-04 | 5.446e-03     9      5  |
    53 5.141e-01 4.192e-02 2.684e-03     9     5  1.517e-04 | 5.382e-03     9      5  |
    54 5.139e-01 4.166e-02 2.650e-03     9     5  1.772e-04 | 5.357e-03     9      5  |
    55 5.138e-01 4.140e-02 2.618e-03     9     5  1.582e-04 | 5.285e-03     9      5  |
    56 5.136e-01 4.116e-02 2.586e-03     9     5  1.574e-04 | 5.256e-03     9      5  |
    57 5.135e-01 4.091e-02 2.556e-03     9     5  1.426e-04 | 5.228e-03     9      5  |
    58 5.134e-01 4.068e-02 2.526e-03     9     5  1.326e-04 | 5.207e-03     9      5  |
    59 5.132e-01 4.045e-02 2.497e-03     9     5  1.513e-04 | 5.200e-03     9      5  |
    60 5.131e-01 4.022e-02 2.469e-03     9     5  1.003e-04 | 5.140e-03     9      5  |
    61 5.130e-01 4.000e-02 2.442e-03     9     5  1.336e-04 | 5.085e-03     9      5  |
    62 5.128e-01 3.978e-02 2.415e-03     9     5  1.144e-04 | 5.061e-03     9      5  |
    63 5.127e-01 3.957e-02 2.390e-03     9     5  2.174e-04 | 5.044e-03     9      5  |
    64 5.126e-01 3.937e-02 2.364e-03     9     5  1.459e-04 | 5.060e-03     9      5  |
    65 5.125e-01 3.916e-02 2.340e-03     9     5  1.156e-04 | 4.978e-03     9      5  |
    66 5.123e-01 3.896e-02 2.316e-03     9     5  1.407e-04 | 4.941e-03     9      5  |
    67 5.122e-01 3.877e-02 2.293e-03     9     5  2.540e-04 | 4.911e-03     9      5  |
    68 5.121e-01 3.858e-02 2.270e-03     9     5  1.596e-04 | 4.914e-03     9      5  |
    69 5.120e-01 3.839e-02 2.248e-03     9     5  1.632e-04 | 4.862e-03     9      5  |
    70 5.119e-01 3.821e-02 2.226e-03     9     5  1.473e-04 | 4.872e-03     9      5  |
    71 5.118e-01 3.803e-02 2.205e-03     9     5  1.339e-04 | 4.826e-03     9      5  |
    72 5.117e-01 3.785e-02 2.185e-03     9     5  1.138e-04 | 4.796e-03     9      5  |
    73 5.116e-01 3.768e-02 2.164e-03     9     5  1.613e-04 | 4.754e-03     9      5  |
    74 5.115e-01 3.751e-02 2.145e-03     9     5  1.729e-04 | 4.760e-03     9      5  |
    75 5.113e-01 3.734e-02 2.126e-03     9     5  1.294e-04 | 4.731e-03     9      5  |
    76 5.112e-01 3.718e-02 2.107e-03     9     5  1.104e-04 | 4.666e-03     9      5  |
    77 5.111e-01 3.701e-02 2.088e-03     9     5  1.289e-04 | 4.640e-03     9      5  |
    78 5.110e-01 3.686e-02 2.070e-03     9     5  1.681e-04 | 4.628e-03     9      5  |
    79 5.110e-01 3.670e-02 2.053e-03     9     5  1.297e-04 | 4.602e-03     9      5  |
    80 5.109e-01 3.655e-02 2.035e-03     9     5  1.037e-04 | 4.573e-03     9      5  |
    81 5.108e-01 3.639e-02 2.018e-03     9     5  1.048e-04 | 4.543e-03     9      5  |
    82 5.107e-01 3.625e-02 2.002e-03     9     5  1.204e-04 | 4.527e-03     9      5  |
    83 5.106e-01 3.610e-02 1.986e-03    11     3  9.599e-05 | 3.858e-03    11      3  |
    84 5.105e-01 3.596e-02 1.970e-03    11     3  1.164e-04 | 3.687e-03    11      3  |
    85 5.105e-01 3.581e-02 1.954e-03    11     3  1.197e-04 | 3.646e-03    11      3  |
    86 5.104e-01 3.568e-02 1.939e-03    11     3  1.711e-04 | 3.593e-03    11      3  |
    87 5.104e-01 3.554e-02 1.924e-03    11     3  1.368e-04 | 3.623e-03    11      3  |
    88 5.103e-01 3.540e-02 1.909e-03    11     3  1.458e-04 | 3.529e-03    11      3  |
    89 5.103e-01 3.527e-02 1.895e-03    11     3  1.516e-04 | 3.460e-03    11      3  |
    90 5.102e-01 3.514e-02 1.881e-03    11     3  1.410e-04 | 3.447e-03    11      3  |
    91 5.102e-01 3.501e-02 1.867e-03    11     3  1.639e-04 | 3.382e-03    11      3  |
    92 5.101e-01 3.488e-02 1.853e-03    11     3  1.241e-04 | 3.350e-03    11      3  |
    93 5.101e-01 3.476e-02 1.840e-03    11     3  1.199e-04 | 3.297e-03    11      3  |
    94 5.100e-01 3.463e-02 1.826e-03    11     3  1.030e-04 | 3.257e-03    11      3  |
    95 5.100e-01 3.451e-02 1.814e-03    11     3  1.178e-04 | 3.215e-03    11      3  |
    96 5.099e-01 3.439e-02 1.801e-03    11     3  1.160e-04 | 3.210e-03    11      3  |
    97 5.099e-01 3.427e-02 1.788e-03    11     3  1.847e-04 | 3.147e-03    11      3  |
    98 5.098e-01 3.416e-02 1.776e-03    11     3  1.416e-04 | 3.194e-03    11      3  |
    99 5.098e-01 3.404e-02 1.764e-03    11     3  8.689e-05 | 3.117e-03    11      3  |
   100 5.098e-01 3.393e-02 1.752e-03    11     3  9.126e-05 | 3.033e-03    11      3  |

==============================
Exit: Iteration limit reached

Final Results
==============================
Epochs:100
# Data pass:100
CPU seconds:10.5322
# zero groups(best):11
# zero groups(end):11
Obj. F(best):5.097666e-01
Obj. F(end):5.097666e-01
Optim.(end):3.033199e-03
