
================================================================================
       Solver:ProxSVRG    Version: 0.1 (2023-05-02)  
================================================================================
Problem Summary: Excuted at 2023-05-04 14:25:45.833724
Dataset:.............................................a9a
Data Size:......................................n=32561, p=123
Loss Function:..................................Logistic
Regularizer:....................................Overlapping Group L1
Penalty Parameter:..............................lambda=0.0036
Number of groups:..............................14

Algorithm Parameters:
 Termination Conditions:
    accuracy: -1.0 | optim scaled: True | time limits:43200.0 | epoch limits:100
 Sampling Setups: batchsize: 256 | shuffle: True
 Proximal Stepsize update: const
 Compute Optimality measure: True
Inexact Proximal Solver:
 exact solve:False | ipg_strategy:diminishing | ipg_do_linesearch:True
 ipg_diminishing_c:1 | ipg_diminishing_delta:2
 ipg_linesearch_eta:0.0001 | ipg_linesearch_xi:0.8 | ipg_linesearch_beta:1.2
****************************************************************************************************
 Epoch.   Obj.    alphak      #z   #nz   |egradf| |   optim     #pz    #pnz |
     0 6.931e-01 4.000e-01    14     0  1.109e+18 | 1.488e-01     0     14  |
     1 5.483e-01 4.000e-01     4    10  1.031e-02 | 2.675e-02     5      9  |
     2 5.345e-01 4.000e-01     6     8  1.614e-03 | 1.964e-02     6      8  |
     3 5.271e-01 4.000e-01     8     6  1.002e-03 | 1.559e-02     8      6  |
     4 5.232e-01 4.000e-01     8     6  7.457e-04 | 8.003e-03     8      6  |
     5 5.204e-01 4.000e-01     8     6  5.908e-04 | 7.109e-03     8      6  |
     6 5.181e-01 4.000e-01     8     6  2.524e-04 | 6.516e-03     8      6  |
     7 5.161e-01 4.000e-01     8     6  2.743e-04 | 6.207e-03     8      6  |
     8 5.145e-01 4.000e-01     9     5  3.532e-04 | 5.530e-03     9      5  |
     9 5.131e-01 4.000e-01     9     5  3.508e-04 | 5.119e-03     9      5  |
    10 5.119e-01 4.000e-01     9     5  1.647e-04 | 4.876e-03     9      5  |
    11 5.108e-01 4.000e-01     9     5  1.502e-04 | 4.559e-03     9      5  |
    12 5.101e-01 4.000e-01    11     3  1.557e-04 | 3.422e-03    11      3  |
    13 5.096e-01 4.000e-01    11     3  1.321e-04 | 3.007e-03    11      3  |
    14 5.093e-01 4.000e-01    11     3  2.399e-04 | 2.596e-03    11      3  |
    15 5.090e-01 4.000e-01    11     3  1.958e-04 | 2.288e-03    11      3  |
    16 5.087e-01 4.000e-01    11     3  1.024e-04 | 2.076e-03    11      3  |
    17 5.086e-01 4.000e-01    12     2  9.563e-05 | 1.425e-03    12      2  |
    18 5.085e-01 4.000e-01    12     2  9.175e-05 | 1.181e-03    12      2  |
    19 5.084e-01 4.000e-01    12     2  8.531e-05 | 9.911e-04    12      2  |
    20 5.084e-01 4.000e-01    12     2  1.145e-04 | 8.619e-04    12      2  |
    21 5.084e-01 4.000e-01    12     2  6.732e-05 | 6.918e-04    12      2  |
    22 5.083e-01 4.000e-01    12     2  2.846e-05 | 5.835e-04    12      2  |
    23 5.083e-01 4.000e-01    12     2  2.442e-05 | 4.958e-04    12      2  |
    24 5.083e-01 4.000e-01    12     2  4.840e-05 | 4.252e-04    12      2  |
    25 5.083e-01 4.000e-01    12     2  2.341e-05 | 3.626e-04    12      2  |
    26 5.083e-01 4.000e-01    12     2  1.580e-05 | 3.085e-04    12      2  |
    27 5.083e-01 4.000e-01    12     2  1.732e-05 | 2.588e-04    12      2  |
    28 5.083e-01 4.000e-01    12     2  3.076e-05 | 2.335e-04    12      2  |
    29 5.083e-01 4.000e-01    12     2  9.670e-06 | 1.968e-04    12      2  |
    30 5.083e-01 4.000e-01    12     2  7.532e-06 | 1.737e-04    12      2  |
    31 5.083e-01 4.000e-01    12     2  8.157e-06 | 1.459e-04    12      2  |
    32 5.083e-01 4.000e-01    12     2  5.301e-06 | 1.234e-04    12      2  |
    33 5.083e-01 4.000e-01    12     2  8.306e-06 | 1.074e-04    12      2  |
    34 5.083e-01 4.000e-01    12     2  8.398e-06 | 9.429e-05    12      2  |
    35 5.083e-01 4.000e-01    12     2  3.236e-06 | 8.293e-05    12      2  |
    36 5.083e-01 4.000e-01    12     2  3.427e-06 | 7.386e-05    12      2  |
    37 5.083e-01 4.000e-01    12     2  2.579e-06 | 6.444e-05    12      2  |
    38 5.083e-01 4.000e-01    12     2  6.736e-06 | 5.564e-05    12      2  |
    39 5.083e-01 4.000e-01    12     2  1.878e-06 | 4.845e-05    12      2  |
    40 5.083e-01 4.000e-01    12     2  1.916e-06 | 4.278e-05    12      2  |
    41 5.083e-01 4.000e-01    12     2  2.410e-06 | 3.732e-05    12      2  |
    42 5.083e-01 4.000e-01    12     2  1.413e-06 | 3.340e-05    12      2  |
    43 5.083e-01 4.000e-01    12     2  1.945e-06 | 2.972e-05    12      2  |
    44 5.083e-01 4.000e-01    12     2  9.503e-07 | 2.633e-05    12      2  |
    45 5.083e-01 4.000e-01    12     2  1.844e-06 | 2.335e-05    12      2  |
    46 5.083e-01 4.000e-01    12     2  8.814e-07 | 2.049e-05    12      2  |
    47 5.083e-01 4.000e-01    12     2  6.221e-07 | 1.815e-05    12      2  |
    48 5.083e-01 4.000e-01    12     2  6.986e-07 | 1.599e-05    12      2  |
    49 5.083e-01 4.000e-01    12     2  3.950e-07 | 1.473e-05    12      2  |
 Epoch.   Obj.    alphak      #z   #nz   |egradf| |   optim     #pz    #pnz |
    50 5.083e-01 4.000e-01    12     2  3.267e-07 | 1.283e-05    12      2  |
    51 5.083e-01 4.000e-01    12     2  4.463e-07 | 1.161e-05    12      2  |
    52 5.083e-01 4.000e-01    12     2  2.938e-07 | 1.018e-05    12      2  |
    53 5.083e-01 4.000e-01    12     2  2.981e-07 | 9.133e-06    12      2  |
    54 5.083e-01 4.000e-01    12     2  1.628e-07 | 8.223e-06    12      2  |
    55 5.083e-01 4.000e-01    12     2  2.069e-07 | 7.219e-06    12      2  |
    56 5.083e-01 4.000e-01    12     2  2.478e-07 | 6.431e-06    12      2  |
    57 5.083e-01 4.000e-01    12     2  1.852e-07 | 5.798e-06    12      2  |
    58 5.083e-01 4.000e-01    12     2  4.054e-07 | 5.160e-06    12      2  |
    59 5.083e-01 4.000e-01    12     2  1.596e-07 | 4.599e-06    12      2  |
    60 5.083e-01 4.000e-01    12     2  1.510e-07 | 4.143e-06    12      2  |
    61 5.083e-01 4.000e-01    12     2  1.821e-07 | 3.711e-06    12      2  |
    62 5.083e-01 4.000e-01    12     2  8.773e-08 | 3.341e-06    12      2  |
    63 5.083e-01 4.000e-01    12     2  1.557e-07 | 2.985e-06    12      2  |
    64 5.083e-01 4.000e-01    12     2  8.230e-08 | 2.640e-06    12      2  |
    65 5.083e-01 4.000e-01    12     2  8.136e-08 | 2.371e-06    12      2  |
    66 5.083e-01 4.000e-01    12     2  4.973e-08 | 2.115e-06    12      2  |
    67 5.083e-01 4.000e-01    12     2  4.582e-08 | 1.891e-06    12      2  |
    68 5.083e-01 4.000e-01    12     2  3.948e-08 | 1.696e-06    12      2  |
    69 5.083e-01 4.000e-01    12     2  3.362e-08 | 1.520e-06    12      2  |
    70 5.083e-01 4.000e-01    12     2  2.705e-08 | 1.362e-06    12      2  |
    71 5.083e-01 4.000e-01    12     2  4.934e-08 | 1.226e-06    12      2  |
    72 5.083e-01 4.000e-01    12     2  3.737e-08 | 1.101e-06    12      2  |
    73 5.083e-01 4.000e-01    12     2  2.102e-08 | 9.924e-07    12      2  |
    74 5.083e-01 4.000e-01    12     2  2.124e-08 | 8.903e-07    12      2  |
    75 5.083e-01 4.000e-01    12     2  2.287e-08 | 7.943e-07    12      2  |
    76 5.083e-01 4.000e-01    12     2  1.850e-08 | 7.137e-07    12      2  |
    77 5.083e-01 4.000e-01    12     2  1.389e-08 | 6.473e-07    12      2  |
    78 5.083e-01 4.000e-01    12     2  1.150e-08 | 5.739e-07    12      2  |
    79 5.083e-01 4.000e-01    12     2  1.022e-08 | 5.041e-07    12      2  |
    80 5.083e-01 4.000e-01    12     2  1.076e-08 | 4.664e-07    12      2  |
    81 5.083e-01 4.000e-01    12     2  1.446e-08 | 4.171e-07    12      2  |
    82 5.083e-01 4.000e-01    12     2  1.034e-08 | 3.718e-07    12      2  |
    83 5.083e-01 4.000e-01    12     2  7.768e-09 | 3.343e-07    12      2  |
    84 5.083e-01 4.000e-01    12     2  6.592e-09 | 2.923e-07    12      2  |
    85 5.083e-01 4.000e-01    12     2  6.100e-09 | 2.705e-07    12      2  |
    86 5.083e-01 4.000e-01    12     2  8.448e-09 | 2.351e-07    12      2  |
    87 5.083e-01 4.000e-01    12     2  6.906e-09 | 2.192e-07    12      2  |
    88 5.083e-01 4.000e-01    12     2  6.727e-09 | 1.891e-07    12      2  |
    89 5.083e-01 4.000e-01    12     2  4.270e-09 | 1.780e-07    12      2  |
    90 5.083e-01 4.000e-01    12     2  3.678e-09 | 1.639e-07    12      2  |
    91 5.083e-01 4.000e-01    12     2  3.199e-09 | 1.365e-07    12      2  |
    92 5.083e-01 4.000e-01    12     2  4.313e-09 | 1.307e-07    12      2  |
    93 5.083e-01 4.000e-01    12     2  5.215e-09 | 1.181e-07    12      2  |
    94 5.083e-01 4.000e-01    12     2  2.919e-09 | 1.068e-07    12      2  |
    95 5.083e-01 4.000e-01    12     2  2.776e-09 | 9.665e-08    12      2  |
    96 5.083e-01 4.000e-01    12     2  1.583e-09 | 8.754e-08    12      2  |
    97 5.083e-01 4.000e-01    12     2  1.660e-09 | 7.105e-08    12      2  |
    98 5.083e-01 4.000e-01    12     2  1.670e-09 | 6.373e-08    12      2  |
    99 5.083e-01 4.000e-01    12     2  1.631e-09 | 6.549e-08    12      2  |
   100 5.083e-01 4.000e-01    12     2  1.324e-09 | 5.128e-08    12      2  |

==============================
Exit: Iteration limit reached

Final Results
==============================
Epochs:100
# Data pass:200
CPU seconds:10.5169
# zero groups(best):12
# zero groups(end):12
Obj. F(best):5.082887e-01
Obj. F(end):5.082887e-01
Optim.(end):5.127559e-08
